# HiPERCAM z-band photometry
# Columns: MJD, Ratio, Ratio_Error, Normalized_Ratio, Normalized_Ratio_Error
# Data from runs 10, 12, 14
# Excluded region: MJD 60525.93 to 60525.94
#
60525.89342626  0.083513  0.002668  1.040309  0.033236
60525.89359938  0.088600  0.002241  1.103670  0.027910
60525.89377375  0.085871  0.002248  1.069676  0.028002
60525.89394811  0.088290  0.002373  1.099809  0.029555
60525.89412247  0.089396  0.002296  1.113594  0.028598
60525.89429683  0.090275  0.002378  1.124540  0.029624
60525.89447119  0.089153  0.002372  1.110565  0.029542
60525.89464555  0.088913  0.002499  1.107573  0.031125
60525.89481991  0.089743  0.002466  1.117907  0.030725
60525.89499428  0.086603  0.002506  1.078803  0.031214
60525.89516864  0.090538  0.002449  1.127820  0.030507
60525.89534300  0.085408  0.002471  1.063911  0.030782
60525.89551736  0.087342  0.002382  1.088009  0.029670
60525.89569172  0.087420  0.002481  1.088980  0.030901
60525.89586608  0.088638  0.002704  1.104148  0.033681
60525.89604045  0.085991  0.002656  1.071173  0.033087
60525.89621481  0.089001  0.002929  1.108667  0.036485
60525.89638917  0.088073  0.002630  1.097112  0.032756
60525.89656353  0.091177  0.002486  1.135776  0.030968
60525.89673789  0.090753  0.002394  1.130497  0.029827
60525.89691225  0.089348  0.002628  1.112988  0.032742
60525.89708661  0.088349  0.002800  1.100554  0.034878
60525.89726098  0.091875  0.002612  1.144467  0.032541
60525.89743534  0.093991  0.002430  1.170828  0.030276
60525.89760970  0.090481  0.002367  1.127109  0.029489
60525.89778406  0.090505  0.002569  1.127404  0.031998
60525.89795842  0.094181  0.002644  1.173199  0.032936
60525.89813278  0.090865  0.002564  1.131890  0.031941
60525.89830715  0.091428  0.002641  1.138897  0.032899
60525.90431464  0.094364  0.003121  1.175475  0.038875
60525.90442965  0.092127  0.003184  1.147609  0.039668
60525.90454589  0.094037  0.003486  1.171401  0.043419
60525.90466213  0.092625  0.003554  1.153816  0.044277
60525.90477837  0.091141  0.003592  1.135323  0.044741
60525.90489461  0.092950  0.003352  1.157861  0.041760
60525.90501085  0.091439  0.003287  1.139037  0.040948
60525.90512709  0.089428  0.003050  1.113982  0.037995
60525.90524333  0.088138  0.002931  1.097915  0.036515
60525.90535957  0.092209  0.003122  1.148637  0.038896
60525.90547582  0.086376  0.003231  1.075972  0.040243
60525.90559206  0.087465  0.003317  1.089535  0.041321
60525.90570830  0.087946  0.002294  1.095529  0.028577
60525.90582454  0.085273  0.002189  1.062226  0.027264
60525.90594078  0.082661  0.002236  1.029692  0.027851
60525.90605702  0.083305  0.002182  1.037711  0.027185
60525.90617326  0.084258  0.002152  1.049585  0.026803
60525.90628950  0.087384  0.002115  1.088521  0.026342
60525.90640574  0.082112  0.002107  1.022850  0.026244
60525.90652198  0.081872  0.002047  1.019867  0.025498
60525.90663823  0.082768  0.001971  1.031022  0.024546
60525.90675447  0.078742  0.002195  0.980874  0.027340
60525.90687071  0.079521  0.002135  0.990583  0.026591
60525.90698695  0.077739  0.002112  0.968386  0.026308
60525.90710319  0.076503  0.001937  0.952982  0.024130
60525.90721943  0.079157  0.002424  0.986050  0.030199
60525.90733567  0.078072  0.002797  0.972526  0.034836
60525.90745191  0.073368  0.002648  0.913933  0.032989
60525.90756815  0.076925  0.002630  0.958240  0.032764
60525.90768439  0.076184  0.002314  0.949005  0.028821
60525.90780064  0.077621  0.002816  0.966917  0.035082
60525.90791688  0.077347  0.002808  0.963498  0.034978
60525.90803312  0.076467  0.002692  0.952531  0.033528
60525.90814936  0.077501  0.002629  0.965417  0.032745
60525.90826560  0.077759  0.002582  0.968629  0.032159
60525.90838184  0.081116  0.002744  1.010446  0.034186
60525.90849808  0.076077  0.002749  0.947672  0.034247
60525.90861432  0.077333  0.002626  0.963322  0.032709
60525.90873056  0.080620  0.002733  1.004269  0.034043
60525.90884680  0.077377  0.003026  0.963868  0.037694
60525.90896305  0.074949  0.002957  0.933624  0.036835
60525.90907929  0.079500  0.002955  0.990323  0.036805
60525.90919553  0.077520  0.002902  0.965653  0.036150
60525.90931177  0.076532  0.002937  0.953351  0.036590
60525.90942801  0.077586  0.002834  0.966470  0.035309
60525.90954425  0.080392  0.002866  1.001427  0.035701
60525.90966049  0.079589  0.002462  0.991425  0.030673
60525.90977673  0.073309  0.002755  0.913193  0.034316
60525.90989297  0.076427  0.002532  0.952041  0.031541
60525.91000921  0.077330  0.002450  0.963281  0.030525
60525.91012546  0.079454  0.002868  0.989739  0.035725
60525.91024170  0.070728  0.002911  0.881049  0.036257
60525.91035794  0.075197  0.002744  0.936711  0.034187
60525.91047418  0.081555  0.002958  1.015921  0.036846
60525.91059042  0.077755  0.002723  0.968585  0.033924
60525.91070666  0.076640  0.002822  0.954694  0.035158
60525.91082290  0.072431  0.002736  0.902260  0.034088
60525.91093914  0.079540  0.003043  0.990817  0.037900
60525.91105538  0.076468  0.002921  0.952547  0.036380
60525.91117163  0.077735  0.002920  0.968331  0.036378
60525.91128787  0.078983  0.002946  0.983872  0.036697
60525.91140411  0.079892  0.002773  0.995202  0.034547
60525.91152035  0.076848  0.002824  0.957288  0.035182
60525.91163659  0.075252  0.002493  0.937395  0.031059
60525.91175283  0.080467  0.002539  1.002357  0.031626
60525.91186907  0.079136  0.002750  0.985785  0.034250
60525.91198531  0.073307  0.002663  0.913172  0.033168
60525.91210155  0.076818  0.002327  0.956914  0.028983
60525.91221779  0.079267  0.002746  0.987421  0.034202
60525.91233404  0.077927  0.002730  0.970722  0.034005
60525.91245028  0.076781  0.002670  0.956445  0.033257
60525.91256652  0.079942  0.002706  0.995823  0.033707
60525.91268276  0.078851  0.002536  0.982237  0.031588
60525.91279900  0.082315  0.002197  1.025384  0.027365
60525.91291524  0.082151  0.002416  1.023341  0.030101
60525.91303148  0.079587  0.002724  0.991406  0.033929
60525.91314772  0.086557  0.003209  1.078223  0.039969
60525.91326396  0.079803  0.002926  0.994091  0.036443
60525.91338020  0.083049  0.003128  1.034529  0.038968
60525.91349645  0.081477  0.002772  1.014943  0.034532
60525.91361269  0.080613  0.002835  1.004179  0.035319
60525.91372893  0.080594  0.002734  1.003942  0.034060
60525.91384517  0.083838  0.002740  1.044353  0.034131
60525.91396141  0.081293  0.002710  1.012650  0.033753
60525.91407765  0.082843  0.002757  1.031957  0.034343
60525.91419389  0.078565  0.002797  0.978669  0.034842
60525.91431013  0.083188  0.002688  1.036262  0.033478
60525.91442637  0.081970  0.002647  1.021084  0.032969
60525.91454261  0.085148  0.003149  1.060668  0.039230
60525.91465886  0.084093  0.002888  1.047529  0.035973
60525.91477510  0.080277  0.002668  1.000000  0.033239
60525.91489134  0.082021  0.002605  1.021727  0.032454
60525.91500758  0.083996  0.002184  1.046327  0.027207
60525.91512382  0.085011  0.002523  1.058969  0.031430
60525.91524006  0.080993  0.002848  1.008914  0.035483
60525.91535630  0.080135  0.003055  0.998229  0.038054
60525.91547254  0.079425  0.003041  0.989389  0.037876
60525.91558878  0.080751  0.003088  1.005905  0.038466
60525.91570502  0.082102  0.002920  1.022726  0.036379
60525.91582127  0.079475  0.003056  0.990003  0.038070
60525.91593751  0.075505  0.002962  0.940549  0.036901
60525.91605375  0.076720  0.003179  0.955681  0.039600
60525.91616999  0.083234  0.003011  1.036829  0.037504
60525.91628623  0.079242  0.002915  0.987103  0.036314
60525.91640247  0.082359  0.002741  1.025926  0.034138
60525.91651871  0.080766  0.002610  1.006088  0.032510
60525.91663495  0.079609  0.002679  0.991671  0.033368
60525.91675119  0.080892  0.002816  1.007660  0.035076
60525.91686743  0.082448  0.002675  1.027035  0.033328
60525.91698368  0.080589  0.002606  1.003881  0.032463
60525.91709992  0.077233  0.002713  0.962083  0.033791
60525.91721616  0.078637  0.002594  0.979568  0.032314
60525.91733240  0.080769  0.002689  1.006126  0.033500
60525.91744864  0.077861  0.003009  0.969899  0.037488
60525.91756488  0.081382  0.002986  1.013756  0.037202
60525.91768112  0.079194  0.002926  0.986511  0.036444
60525.91779736  0.079313  0.002816  0.987985  0.035083
60525.91791360  0.076925  0.002649  0.958240  0.033001
60525.91802984  0.079384  0.002927  0.988878  0.036461
60525.91814609  0.078155  0.002837  0.973568  0.035339
60525.91826233  0.078360  0.002832  0.976112  0.035277
60525.91837857  0.078366  0.002399  0.976185  0.029884
60525.91849481  0.073953  0.002661  0.921221  0.033153
60525.91861105  0.078822  0.002724  0.981866  0.033933
60525.91872729  0.076427  0.002784  0.952036  0.034685
60525.91884353  0.078432  0.002522  0.977013  0.031413
60525.91895977  0.077236  0.002499  0.962116  0.031126
60525.91907601  0.082003  0.003086  1.021497  0.038442
60525.91919225  0.077054  0.002888  0.959854  0.035975
60525.91930850  0.081577  0.003034  1.016186  0.037792
60525.91942474  0.082385  0.002917  1.026256  0.036339
60525.91954098  0.077112  0.002845  0.960569  0.035438
60525.91965722  0.076770  0.002899  0.956312  0.036112
60525.91977346  0.076675  0.002600  0.955126  0.032386
60525.91988970  0.078649  0.002674  0.979715  0.033307
60525.92000594  0.076938  0.002567  0.958408  0.031979
60525.92012218  0.077034  0.002326  0.959596  0.028979
60525.92023842  0.082497  0.002393  1.027649  0.029812
60525.92035466  0.079952  0.002410  0.995952  0.030020
60525.92047091  0.075375  0.002515  0.938932  0.031327
60525.92058715  0.081599  0.002523  1.016468  0.031434
60525.92070339  0.078679  0.002433  0.980096  0.030306
60525.92081963  0.081825  0.002176  1.019285  0.027103
60525.92093587  0.076098  0.002474  0.947938  0.030816
60525.92105211  0.079654  0.002266  0.992231  0.028229
60525.92116835  0.080605  0.002465  1.004079  0.030701
60525.92128459  0.075806  0.002834  0.944302  0.035296
60525.92140083  0.076237  0.002785  0.949669  0.034697
60525.92151707  0.080075  0.002948  0.997475  0.036723
60525.92163332  0.079543  0.003044  0.990852  0.037918
60525.92174956  0.078540  0.003070  0.978360  0.038239
60525.92186580  0.077589  0.002641  0.966516  0.032902
60525.92198204  0.077829  0.002388  0.969500  0.029745
60525.92209828  0.077652  0.002417  0.967300  0.030106
60525.92221452  0.078651  0.002418  0.979740  0.030124
60525.92233076  0.081278  0.002532  1.012463  0.031546
60525.92244700  0.076542  0.002379  0.953472  0.029638
60525.92256324  0.076482  0.002485  0.952729  0.030957
60525.92267948  0.077577  0.002419  0.966357  0.030135
60525.92279573  0.080131  0.002376  0.998177  0.029593
60525.92291197  0.078246  0.002507  0.974693  0.031230
60525.92302821  0.077022  0.002575  0.959454  0.032076
60525.92314445  0.078662  0.002450  0.979879  0.030516
60525.92326069  0.080570  0.002395  1.003650  0.029839
60525.92337693  0.073659  0.002688  0.917554  0.033483
60525.92349317  0.079153  0.002721  0.985996  0.033896
60525.92360941  0.076442  0.002704  0.952220  0.033679
60525.92372565  0.078969  0.002773  0.983709  0.034542
60525.92384189  0.078600  0.002790  0.979100  0.034760
60525.92395814  0.078709  0.002864  0.980463  0.035674
60525.92407438  0.077012  0.003020  0.959325  0.037616
60525.92419062  0.076965  0.002946  0.958743  0.036701
60525.92430686  0.076098  0.002878  0.947945  0.035851
60525.92442310  0.078872  0.002870  0.982497  0.035754
60525.92453934  0.076059  0.002739  0.947455  0.034124
60525.92465558  0.078996  0.002646  0.984039  0.032959
60525.92477182  0.078166  0.002624  0.973694  0.032682
60525.92488806  0.081095  0.002344  1.010190  0.029199
60525.92500430  0.079710  0.002301  0.992936  0.028667
60525.92512055  0.080871  0.002248  1.007400  0.028003
60525.92523679  0.082651  0.002219  1.029570  0.027637
60525.92535303  0.079055  0.002385  0.984780  0.029714
60525.92546927  0.081312  0.002426  1.012888  0.030218
60525.92558551  0.078934  0.002529  0.983262  0.031501
60525.92570175  0.080304  0.002601  1.000337  0.032401
60525.92581799  0.076165  0.002585  0.948773  0.032204
60525.92593423  0.077600  0.002767  0.966654  0.034471
60525.92605047  0.076906  0.002805  0.958008  0.034936
60525.92616671  0.079330  0.002846  0.988197  0.035455
60525.92628296  0.075859  0.002636  0.944967  0.032833
60525.92639920  0.079620  0.002462  0.991810  0.030672
60525.92651544  0.077132  0.002645  0.960819  0.032952
60525.92663168  0.079483  0.002563  0.990104  0.031923
60525.92674792  0.080911  0.002489  1.007896  0.031008
60525.92686416  0.076162  0.002498  0.948731  0.031116
60525.92698040  0.078961  0.002491  0.983597  0.031030
60525.92709664  0.079290  0.002245  0.987702  0.027963
60525.92721288  0.079039  0.002691  0.984575  0.033524
60525.92732912  0.077304  0.002352  0.962960  0.029297
60525.92744537  0.076058  0.002495  0.947440  0.031080
60525.92756161  0.078463  0.002364  0.977401  0.029446
60525.92767785  0.077482  0.002421  0.965184  0.030156
60525.92779409  0.073416  0.002509  0.914529  0.031259
60525.92791033  0.078995  0.002386  0.984030  0.029717
60525.92802657  0.080717  0.002454  1.005480  0.030568
60525.92814281  0.080787  0.002341  1.006349  0.029159
60525.92825905  0.076456  0.002415  0.952399  0.030087
60525.92837529  0.071761  0.002341  0.893916  0.029166
60525.92849153  0.077045  0.002508  0.959730  0.031244
60525.92860778  0.077976  0.002543  0.971335  0.031675
60525.92872402  0.076102  0.002562  0.947989  0.031915
60525.92884026  0.074596  0.002363  0.929227  0.029437
60525.92895650  0.075923  0.002692  0.945764  0.033536
60525.92907274  0.077450  0.002232  0.964776  0.027799
60525.92918898  0.078078  0.002490  0.972604  0.031021
60525.92930522  0.074664  0.002669  0.930075  0.033245
60525.92942146  0.073589  0.002457  0.916689  0.030606
60525.92953770  0.076734  0.002425  0.955860  0.030204
60525.92965394  0.076070  0.002477  0.947596  0.030855
60525.92977019  0.075082  0.002485  0.935284  0.030954
60525.92988643  0.075019  0.002504  0.934494  0.031197
60525.94305196  0.087104  0.002418  1.085035  0.030123
60525.94316697  0.087306  0.002532  1.087552  0.031546
60525.94328321  0.087512  0.002553  1.090119  0.031803
60525.94339945  0.090746  0.002245  1.130406  0.027968
60525.94351569  0.090378  0.002391  1.125819  0.029785
60525.94363193  0.088865  0.002424  1.106974  0.030199
60525.94374817  0.087284  0.002473  1.087284  0.030809
60525.94386441  0.088087  0.002513  1.097284  0.031306
60525.94398065  0.088152  0.002384  1.098096  0.029695
60525.94409689  0.085223  0.002437  1.061609  0.030363
60525.94421313  0.090093  0.002564  1.122272  0.031936
60525.94432938  0.090247  0.002517  1.124189  0.031358
60525.94444562  0.090453  0.002637  1.126760  0.032853
60525.94456186  0.089247  0.002501  1.111729  0.031150
60525.94467810  0.089613  0.002632  1.116291  0.032782
60525.94479434  0.089879  0.002352  1.119604  0.029298
60525.94491058  0.092682  0.002479  1.154528  0.030882
60525.94502682  0.091010  0.002452  1.133698  0.030543
60525.94514306  0.091878  0.002262  1.144511  0.028174
60525.94525930  0.089864  0.002407  1.119417  0.029987
60525.94537554  0.089648  0.002346  1.116733  0.029222
60525.94549179  0.092371  0.002356  1.150652  0.029345
60525.94560803  0.092286  0.002346  1.149591  0.029219
60525.94572427  0.089138  0.002465  1.110372  0.030701
60525.94584051  0.091528  0.002268  1.140151  0.028258
60525.94595675  0.092210  0.002374  1.148645  0.029567
60525.94607299  0.091214  0.002347  1.136238  0.029230
60525.94618923  0.090374  0.002392  1.125776  0.029795
60525.94630547  0.088147  0.002485  1.098034  0.030956
60525.94642171  0.091994  0.002329  1.145955  0.029015
60525.94653795  0.089226  0.002391  1.111476  0.029789
60525.94665420  0.090836  0.002310  1.131527  0.028773
60525.94677044  0.092659  0.002564  1.154241  0.031934
60525.94688668  0.088303  0.002699  1.099972  0.033620
60525.94700292  0.092785  0.002419  1.155807  0.030129
60525.94711916  0.090546  0.002360  1.127914  0.029402
60525.94723540  0.092665  0.002290  1.154312  0.028525
60525.94735164  0.095819  0.002298  1.193606  0.028625
60525.94746788  0.093839  0.002337  1.168937  0.029116
60525.94758412  0.092565  0.002147  1.153059  0.026743
60525.94770036  0.092487  0.002315  1.152088  0.028838
60525.94781661  0.094471  0.002370  1.176805  0.029527
60525.94793285  0.090060  0.002392  1.121859  0.029792
60525.94804909  0.090438  0.002396  1.126573  0.029844
60525.94816533  0.091735  0.002167  1.142724  0.026994
60525.94828157  0.094164  0.002273  1.172988  0.028315
60525.94839781  0.095137  0.002519  1.185107  0.031374
60525.94851405  0.091850  0.002089  1.144163  0.026017
60525.94863029  0.088924  0.002199  1.107704  0.027390
60525.94874653  0.092033  0.002169  1.146435  0.027021
60525.94886277  0.096196  0.002233  1.198297  0.027815
60525.94897902  0.091613  0.002209  1.141204  0.027515
60525.94909526  0.094041  0.002150  1.171456  0.026788
60525.94921150  0.093407  0.002295  1.163556  0.028592
60525.94932774  0.094658  0.002309  1.179137  0.028768
60525.94944398  0.095931  0.002125  1.195001  0.026465
60525.94956022  0.094910  0.002253  1.182273  0.028067
60525.94967646  0.094257  0.002280  1.174148  0.028403
60525.94979270  0.092368  0.002090  1.150615  0.026032
60525.94990894  0.093160  0.002109  1.160475  0.026268
60525.95002518  0.095482  0.002361  1.189400  0.029408
60525.95014143  0.096260  0.002088  1.199088  0.026012
60525.95025767  0.090857  0.002085  1.131789  0.025975
60525.95037391  0.092956  0.002260  1.157942  0.028149
60525.95049015  0.095717  0.002362  1.192334  0.029420
60525.95060639  0.095241  0.002349  1.186395  0.029263
60525.95072263  0.090174  0.002273  1.123284  0.028318
60525.95083887  0.091112  0.002202  1.134966  0.027429
60525.95095511  0.099019  0.002480  1.233456  0.030891
60525.95107135  0.093910  0.002123  1.169818  0.026446
60525.95118759  0.091872  0.002194  1.144429  0.027328
60525.95130384  0.093859  0.002314  1.169190  0.028820
60525.95142008  0.092329  0.002211  1.150128  0.027547
60525.95153632  0.087601  0.002022  1.091232  0.025193
60525.95165256  0.092460  0.002254  1.151756  0.028078
60525.95176880  0.089706  0.002084  1.117451  0.025966
60525.95188504  0.087009  0.002229  1.083861  0.027765
60525.95200128  0.090929  0.002040  1.132687  0.025410
60525.95211752  0.084479  0.001996  1.052344  0.024865
60525.95223376  0.083949  0.002031  1.045742  0.025296
60525.95235000  0.085655  0.001992  1.066989  0.024812
60525.95246625  0.086259  0.002073  1.074515  0.025817
60525.95258249  0.084553  0.002193  1.053264  0.027317
60525.95269873  0.080464  0.002104  1.002324  0.026206
60525.95281497  0.084007  0.002247  1.046459  0.027994
60525.95293121  0.085108  0.002299  1.060179  0.028634
60525.95304745  0.082847  0.002082  1.032014  0.025936
60525.95316369  0.079995  0.002114  0.996479  0.026340
60525.95327993  0.078819  0.002030  0.981838  0.025286
60525.95339617  0.079675  0.002189  0.992493  0.027263
60525.95351241  0.079217  0.002032  0.986787  0.025314
60525.95362866  0.079112  0.002059  0.985483  0.025647
60525.95374490  0.076857  0.002148  0.957391  0.026756
60525.95386114  0.079318  0.002026  0.988045  0.025240
60525.95397738  0.076629  0.001974  0.954550  0.024585
60525.95409362  0.077704  0.002041  0.967941  0.025425
60525.95420986  0.078977  0.002063  0.983799  0.025702
60525.95432610  0.075962  0.002032  0.946251  0.025317
60525.95444234  0.080057  0.002221  0.997253  0.027663
60525.95455858  0.075652  0.002056  0.942387  0.025612
60525.95467482  0.077636  0.001996  0.967092  0.024864
60525.95479107  0.074320  0.001971  0.925791  0.024557
60525.95490731  0.078780  0.002044  0.981347  0.025462
60525.95502355  0.076183  0.002018  0.948999  0.025133
60525.95513979  0.074758  0.001963  0.931245  0.024459
60525.95525603  0.075916  0.002156  0.945671  0.026861
60525.95537227  0.076137  0.002232  0.948421  0.027806
60525.95548851  0.076489  0.002243  0.952811  0.027944
60525.95560475  0.078425  0.002024  0.976926  0.025217
60525.95572099  0.076385  0.002074  0.951509  0.025833
60525.95583723  0.074653  0.002148  0.929941  0.026756
60525.95595348  0.073203  0.002162  0.911881  0.026933
60525.95606972  0.076430  0.002218  0.952079  0.027627
60525.95618596  0.075374  0.002187  0.938919  0.027241
60525.95630220  0.077456  0.002134  0.964854  0.026585
60525.95641844  0.076407  0.002191  0.951791  0.027292
60525.95653468  0.077697  0.002013  0.967863  0.025079
60525.95665092  0.073800  0.002181  0.919317  0.027169
60525.95676716  0.076959  0.002002  0.958660  0.024933
60525.95688340  0.079021  0.002015  0.984350  0.025096
60525.95699964  0.076460  0.001986  0.952443  0.024738
60525.95711589  0.078001  0.002112  0.971644  0.026309
60525.95723213  0.075901  0.002031  0.945481  0.025306
60525.95734837  0.077032  0.002024  0.959570  0.025213
60525.95746461  0.076164  0.002191  0.948756  0.027294
60525.95758085  0.078088  0.002238  0.972722  0.027884
60525.95769709  0.078013  0.002206  0.971796  0.027475
60525.95781333  0.070971  0.002123  0.884070  0.026440
60525.95792957  0.076191  0.002134  0.949104  0.026583
60525.95804581  0.075900  0.002064  0.945477  0.025706
60525.95816205  0.077973  0.002044  0.971301  0.025467
60525.95827830  0.078246  0.002067  0.974700  0.025747
60525.95839454  0.075575  0.002030  0.941428  0.025286
60525.95851078  0.076397  0.002078  0.951664  0.025881
60525.95862702  0.074062  0.002184  0.922575  0.027201
60525.95874326  0.077498  0.002184  0.965378  0.027201
60525.95885950  0.075359  0.002101  0.938734  0.026168
60525.95897574  0.077360  0.002183  0.963664  0.027196
60525.95909198  0.079653  0.002080  0.992224  0.025916
60525.95920822  0.081467  0.002047  1.014826  0.025495
60525.95932446  0.078742  0.002109  0.980871  0.026269
60525.95944071  0.081561  0.002096  1.015990  0.026114
60525.95955695  0.082345  0.002046  1.025751  0.025485
60525.95967319  0.083248  0.002052  1.036999  0.025565
60525.95978943  0.081329  0.002022  1.013098  0.025185
60525.95990567  0.084653  0.002154  1.054507  0.026834
60525.96002191  0.082246  0.002010  1.024523  0.025033
60525.96013815  0.081034  0.002015  1.009427  0.025099
60525.96025439  0.083224  0.001986  1.036710  0.024744
60525.96037063  0.082517  0.002210  1.027897  0.027535
60525.96048687  0.083182  0.002193  1.036183  0.027322
60525.96060312  0.081782  0.002029  1.018748  0.025270
60525.96071936  0.082566  0.002007  1.028504  0.025004
60525.96083560  0.080278  0.002247  1.000011  0.027987
60525.96095184  0.080879  0.002114  1.007495  0.026329
60525.96106808  0.079113  0.002068  0.985497  0.025765
60525.96118432  0.081097  0.001970  1.010211  0.024545
60525.96130056  0.081359  0.002129  1.013481  0.026526
60525.96141680  0.076241  0.002042  0.949726  0.025441
60525.96153304  0.078390  0.002035  0.976486  0.025351
60525.96164928  0.080718  0.002061  1.005492  0.025672
60525.96176553  0.086387  0.002280  1.076110  0.028396
60525.96188177  0.082172  0.002221  1.023603  0.027666
60525.96199801  0.080687  0.002171  1.005102  0.027050
60525.96211425  0.080094  0.002167  0.997716  0.026989
60525.96223049  0.081117  0.002109  1.010461  0.026275
60525.96234673  0.082999  0.002220  1.033901  0.027651
60525.96246297  0.080068  0.002243  0.997388  0.027944
60525.96257921  0.076894  0.002285  0.957852  0.028460
60525.96269545  0.079574  0.002106  0.991233  0.026234
60525.96281170  0.078825  0.002082  0.981907  0.025933
60525.96292794  0.079078  0.001959  0.985066  0.024404
60525.96304418  0.081400  0.001956  1.013991  0.024364
60525.96316042  0.081019  0.002086  1.009240  0.025989
60525.96327666  0.077134  0.001990  0.960845  0.024789
