# HiPERCAM u-band photometry
# Columns: MJD, Ratio, Ratio_Error, Normalized_Ratio, Normalized_Ratio_Error
# Data from runs 10, 12, 14
# Excluded region: MJD 60525.93 to 60525.94
#
60525.89345532  0.011022  0.001550  1.261863  0.177495
60525.89368657  0.012866  0.001394  1.472924  0.159635
60525.89391905  0.013548  0.001468  1.551030  0.168042
60525.89415153  0.013560  0.001349  1.552415  0.154441
60525.89438401  0.014414  0.001386  1.650217  0.158719
60525.89461649  0.014306  0.001325  1.637855  0.151703
60525.89484898  0.014726  0.001475  1.685930  0.168825
60525.89508146  0.018420  0.001563  2.108827  0.178919
60525.89531394  0.020239  0.001497  2.317028  0.171358
60525.89554642  0.021391  0.001442  2.448944  0.165107
60525.89577890  0.019831  0.001494  2.270308  0.171038
60525.89601139  0.022512  0.001578  2.577207  0.180652
60525.89624387  0.024045  0.001686  2.752750  0.193020
60525.89647635  0.023653  0.001485  2.707906  0.170000
60525.89670883  0.024384  0.001353  2.791619  0.154909
60525.89694131  0.025517  0.001511  2.921275  0.173012
60525.89717380  0.024973  0.001557  2.859034  0.178297
60525.89740628  0.029915  0.001360  3.424741  0.155689
60525.89763876  0.030045  0.001419  3.439614  0.162406
60525.89787124  0.027544  0.001489  3.153389  0.170413
60525.89810372  0.030836  0.001487  3.530228  0.170292
60525.89833621  0.032129  0.001530  3.678292  0.175157
60525.90437276  0.043397  0.001684  4.968223  0.192744
60525.90460401  0.040783  0.001825  4.668983  0.208974
60525.90483649  0.035509  0.001768  4.065177  0.202445
60525.90506897  0.028824  0.001617  3.299855  0.185144
60525.90530146  0.025432  0.001521  2.911581  0.174116
60525.90553394  0.019763  0.001620  2.262585  0.185433
60525.90576642  0.017604  0.001178  2.015400  0.134888
60525.90599890  0.013005  0.001157  1.488808  0.132506
60525.90623138  0.010524  0.001169  1.204869  0.133778
60525.90646387  0.008799  0.001162  1.007362  0.133020
60525.90669635  0.006923  0.001165  0.792541  0.133382
60525.90692883  0.004035  0.001100  0.461956  0.125932
60525.90716131  0.001060  0.001121  0.121392  0.128308
60525.90739379  -0.000703  0.001318  -0.080539  0.150867
60525.90762628  -0.000083  0.001279  -0.009467  0.146371
60525.90785876  0.002531  0.001420  0.289757  0.162533
60525.90809124  0.000673  0.001254  0.076994  0.143508
60525.90832372  -0.000148  0.001288  -0.016932  0.147509
60525.90855620  0.001280  0.001317  0.146572  0.150752
60525.90878869  0.002771  0.001380  0.317274  0.157991
60525.90902117  -0.000751  0.001451  -0.086029  0.166150
60525.90925365  0.000986  0.001458  0.112913  0.166915
60525.90948613  -0.000380  0.001436  -0.043557  0.164422
60525.90971861  0.004001  0.001263  0.458098  0.144587
60525.90995110  -0.000836  0.001314  -0.095727  0.150388
60525.91018358  0.002139  0.001495  0.244871  0.171136
60525.91041606  -0.000382  0.001435  -0.043735  0.164335
60525.91064854  -0.000948  0.001337  -0.108494  0.153039
60525.91088102  -0.000583  0.001433  -0.066785  0.164101
60525.91111351  -0.000106  0.001419  -0.012138  0.162468
60525.91134599  0.000863  0.001423  0.098748  0.162875
60525.91157847  -0.000859  0.001321  -0.098358  0.151186
60525.91181095  0.000088  0.001294  0.010118  0.148098
60525.91204343  0.001679  0.001283  0.192161  0.146879
60525.91227592  0.000838  0.001297  0.095932  0.148432
60525.91250840  0.003702  0.001272  0.423800  0.145612
60525.91274088  0.008803  0.001263  1.007805  0.144585
60525.91297336  0.013111  0.001366  1.501039  0.156440
60525.91320584  0.013035  0.001490  1.492273  0.170598
60525.91343833  0.015024  0.001458  1.720032  0.166895
60525.91367081  0.017116  0.001400  1.959503  0.160236
60525.91390329  0.017697  0.001426  2.026053  0.163275
60525.91413577  0.015940  0.001410  1.824819  0.161396
60525.91436825  0.014446  0.001374  1.653880  0.157350
60525.91460074  0.016023  0.001498  1.834325  0.171500
60525.91483322  0.012680  0.001356  1.451674  0.155231
60525.91506570  0.012920  0.001280  1.479118  0.146516
60525.91529818  0.012112  0.001446  1.386649  0.165542
60525.91553066  0.010828  0.001495  1.239606  0.171198
60525.91576315  0.009572  0.001465  1.095818  0.167772
60525.91599563  0.012148  0.001507  1.390787  0.172537
60525.91622811  0.009649  0.001412  1.104595  0.161672
60525.91646059  0.010628  0.001283  1.216733  0.146918
60525.91669307  0.008298  0.001364  0.949945  0.156181
60525.91692556  0.010051  0.001275  1.150686  0.145929
60525.91715804  0.011357  0.001371  1.300233  0.156906
60525.91739052  0.011450  0.001507  1.310783  0.172483
60525.91762300  0.008017  0.001478  0.917793  0.169163
60525.91785548  0.007394  0.001406  0.846439  0.160985
60525.91808797  0.007450  0.001493  0.852931  0.170974
60525.91832045  0.007684  0.001368  0.879659  0.156565
60525.91855293  0.004131  0.001376  0.472981  0.157519
60525.91878541  0.008671  0.001327  0.992638  0.151968
60525.91901789  0.007137  0.001359  0.817092  0.155601
60525.91925038  0.005727  0.001422  0.655623  0.162798
60525.91948286  0.006603  0.001413  0.755885  0.161785
60525.91971534  0.006774  0.001317  0.775502  0.150760
60525.91994782  0.004539  0.001346  0.519643  0.154103
60525.92018030  0.003176  0.001254  0.363549  0.143508
60525.92041279  0.002958  0.001278  0.338658  0.146296
60525.92064527  0.004449  0.001253  0.509384  0.143451
60525.92087775  0.000913  0.001228  0.104469  0.140536
60525.92111023  0.003047  0.001208  0.348801  0.138353
60525.92134271  0.001196  0.001313  0.136906  0.150338
60525.92157520  0.000911  0.001475  0.104255  0.168844
60525.92180768  0.002157  0.001378  0.246887  0.157732
60525.92204016  0.000710  0.001267  0.081333  0.145073
60525.92227264  0.002395  0.001255  0.274169  0.143674
60525.92250512  0.002335  0.001217  0.267356  0.139373
60525.92273761  0.000716  0.001231  0.081973  0.140921
60525.92297009  0.001732  0.001257  0.198287  0.143908
60525.92320257  0.000819  0.001198  0.093794  0.137096
60525.92343505  0.000992  0.001287  0.113522  0.147380
60525.92366753  0.002872  0.001320  0.328741  0.151115
60525.92390002  0.000115  0.001427  0.013220  0.163400
60525.92413250  -0.000473  0.001424  -0.054097  0.163050
60525.92436498  0.001077  0.001379  0.123290  0.157922
60525.92459746  0.001453  0.001293  0.166382  0.148032
60525.92482994  0.002905  0.001210  0.332574  0.138514
60525.92506243  -0.000108  0.001205  -0.012317  0.137983
60525.92529491  -0.000035  0.001146  -0.004059  0.131152
60525.92552739  0.003961  0.001254  0.453441  0.143599
60525.92575987  0.002878  0.001298  0.329451  0.148654
60525.92599235  0.002878  0.001345  0.329456  0.153996
60525.92622484  -0.000841  0.001348  -0.096279  0.154353
60525.92645732  0.000215  0.001286  0.024592  0.147241
60525.92668980  0.001495  0.001294  0.171151  0.148136
60525.92692228  -0.001878  0.001239  -0.214972  0.141819
60525.92715476  0.002016  0.001213  0.230792  0.138912
60525.92738725  0.002372  0.001227  0.271507  0.140417
60525.92761973  0.002727  0.001209  0.312151  0.138389
60525.92785221  -0.000950  0.001236  -0.108756  0.141524
60525.92808469  0.001615  0.001271  0.184850  0.145465
60525.92831717  0.000247  0.001193  0.028265  0.136590
60525.92854966  -0.000186  0.001237  -0.021297  0.141563
60525.92878214  -0.002253  0.001238  -0.257878  0.141694
60525.92901462  0.001829  0.001346  0.209443  0.154106
60525.92924710  0.000093  0.001315  0.010688  0.150570
60525.92947958  0.000572  0.001250  0.065434  0.143108
60525.92971207  0.000790  0.001211  0.090455  0.138657
60525.92994455  0.002924  0.001288  0.334783  0.147480
60525.94311008  0.026451  0.001384  3.028162  0.158409
60525.94334133  0.025305  0.001343  2.897020  0.153750
60525.94357381  0.028285  0.001362  3.238147  0.155934
60525.94380629  0.029758  0.001386  3.406789  0.158629
60525.94403877  0.030004  0.001403  3.434983  0.160596
60525.94427126  0.031260  0.001429  3.578790  0.163546
60525.94450374  0.029676  0.001472  3.397422  0.168489
60525.94473622  0.031282  0.001446  3.581253  0.165550
60525.94496870  0.031180  0.001463  3.569639  0.167519
60525.94520118  0.033950  0.001393  3.886757  0.159525
60525.94543367  0.035756  0.001406  4.093526  0.161018
60525.94566615  0.033181  0.001442  3.798668  0.165082
60525.94589863  0.035976  0.001439  4.118655  0.164695
60525.94613111  0.037009  0.001483  4.236881  0.169815
60525.94636359  0.037055  0.001502  4.242229  0.171980
60525.94659608  0.038966  0.001523  4.460989  0.174341
60525.94682856  0.040091  0.001574  4.589746  0.180188
60525.94706104  0.038907  0.001505  4.454228  0.172304
60525.94729352  0.038855  0.001445  4.448210  0.165460
60525.94752600  0.039508  0.001444  4.522976  0.165350
60525.94775849  0.040392  0.001523  4.624178  0.174316
60525.94799097  0.043352  0.001492  4.963113  0.170756
60525.94822345  0.043396  0.001451  4.968084  0.166131
60525.94845593  0.042016  0.001482  4.810128  0.169682
60525.94868841  0.045760  0.001515  5.238805  0.173467
60525.94892090  0.047067  0.001449  5.388406  0.165893
60525.94915338  0.045880  0.001474  5.252519  0.168747
60525.94938586  0.046955  0.001470  5.375546  0.168335
60525.94961834  0.043653  0.001424  4.997566  0.163030
60525.94985082  0.044024  0.001432  5.040081  0.163907
60525.95008331  0.043471  0.001408  4.976733  0.161163
60525.95031579  0.045427  0.001468  5.200687  0.168100
60525.95054827  0.044737  0.001474  5.121627  0.168715
60525.95078075  0.044639  0.001508  5.110382  0.172679
60525.95101323  0.045562  0.001502  5.216048  0.171931
60525.95124572  0.040640  0.001447  4.652600  0.165689
60525.95147820  0.034967  0.001434  4.003173  0.164188
60525.95171068  0.025908  0.001368  2.966011  0.156613
60525.95194316  0.022478  0.001361  2.573354  0.155838
60525.95217564  0.020960  0.001360  2.399619  0.155667
60525.95240813  0.015799  0.001268  1.808678  0.145111
60525.95264061  0.012610  0.001274  1.443664  0.145861
60525.95287309  0.008055  0.001338  0.922165  0.153189
60525.95310557  0.006777  0.001343  0.775911  0.153725
60525.95333805  0.003175  0.001278  0.363514  0.146339
60525.95357054  0.000893  0.001222  0.102197  0.139850
60525.95380302  0.000554  0.001257  0.063468  0.143897
60525.95403550  0.001657  0.001218  0.189751  0.139407
60525.95426798  0.000508  0.001272  0.058159  0.145571
60525.95450046  -0.000834  0.001313  -0.095470  0.150348
60525.95473295  0.000169  0.001290  0.019394  0.147636
60525.95496543  -0.001063  0.001294  -0.121733  0.148144
60525.95519791  0.000103  0.001307  0.011735  0.149583
60525.95543039  -0.000422  0.001341  -0.048320  0.153507
60525.95566287  -0.000155  0.001330  -0.017715  0.152244
60525.95589536  0.000987  0.001353  0.113017  0.154915
60525.95612784  0.002716  0.001363  0.310993  0.156028
60525.95636032  0.002659  0.001329  0.304427  0.152131
60525.95659280  0.002953  0.001342  0.338062  0.153606
60525.95682528  0.002275  0.001308  0.260404  0.149714
60525.95705777  -0.000230  0.001327  -0.026337  0.151877
60525.95729025  -0.001405  0.001316  -0.160862  0.150678
60525.95752273  0.002242  0.001444  0.256681  0.165353
60525.95775521  -0.001026  0.001398  -0.117513  0.160037
60525.95798769  0.000282  0.001389  0.032228  0.159015
60525.95822018  0.001393  0.001348  0.159516  0.154371
60525.95845266  0.000371  0.001355  0.042434  0.155175
60525.95868514  0.001734  0.001409  0.198458  0.161272
60525.95891762  0.002841  0.001363  0.325294  0.155990
60525.95915010  0.004416  0.001377  0.505574  0.157674
60525.95938259  0.010613  0.001405  1.215035  0.160884
60525.95961507  0.016851  0.001416  1.929191  0.162145
60525.95984755  0.015066  0.001385  1.724774  0.158602
60525.96008003  0.017310  0.001392  1.981721  0.159378
60525.96031251  0.014858  0.001387  1.701014  0.158772
60525.96054500  0.015753  0.001439  1.803439  0.164711
60525.96077748  0.015487  0.001449  1.773059  0.165864
60525.96100996  0.016831  0.001501  1.926915  0.171802
60525.96124244  0.014038  0.001423  1.607089  0.162959
60525.96147492  0.013812  0.001437  1.581280  0.164543
60525.96170741  0.015482  0.001418  1.772485  0.162365
60525.96193989  0.012251  0.001503  1.402570  0.172041
60525.96217237  0.011984  0.001417  1.371952  0.162182
60525.96240485  0.014073  0.001468  1.611180  0.168081
60525.96263733  0.007747  0.001446  0.886896  0.165495
60525.96286982  0.009166  0.001455  1.049395  0.166609
60525.96310230  0.011477  0.001484  1.313919  0.169904
