# HiPERCAM i-band photometry
# Columns: MJD, Ratio, Ratio_Error, Normalized_Ratio, Normalized_Ratio_Error
# Data from runs 10, 12, 14
# Excluded region: MJD 60525.93 to 60525.94
#
60525.89342502  0.052930  0.001601  1.173472  0.035484
60525.89348314  0.048476  0.001624  1.074726  0.036009
60525.89354126  0.049560  0.001485  1.098749  0.032915
60525.89359938  0.051057  0.001547  1.131939  0.034293
60525.89365750  0.047718  0.001434  1.057912  0.031790
60525.89371562  0.049457  0.001386  1.096463  0.030738
60525.89377375  0.050890  0.001418  1.128240  0.031444
60525.89383187  0.051590  0.001491  1.143753  0.033064
60525.89388999  0.052384  0.001556  1.161359  0.034507
60525.89394811  0.049206  0.001544  1.090897  0.034233
60525.89400623  0.050447  0.001455  1.118411  0.032258
60525.89406435  0.051610  0.001412  1.144192  0.031311
60525.89412247  0.050308  0.001479  1.115333  0.032785
60525.89418059  0.051144  0.001357  1.133863  0.030087
60525.89423871  0.050847  0.001363  1.127289  0.030214
60525.89429683  0.050665  0.001309  1.123257  0.029030
60525.89435495  0.051614  0.001282  1.144299  0.028431
60525.89441307  0.050100  0.001408  1.110716  0.031208
60525.89447119  0.051763  0.001541  1.147585  0.034160
60525.89452931  0.050356  0.001342  1.116397  0.029758
60525.89458743  0.051904  0.001239  1.150717  0.027474
60525.89464555  0.051744  0.001469  1.147176  0.032578
60525.89470367  0.050589  0.001530  1.121561  0.033910
60525.89476179  0.052795  0.001536  1.170477  0.034047
60525.89481991  0.050163  0.001400  1.112122  0.031037
60525.89487803  0.051637  0.001594  1.144807  0.035344
60525.89493616  0.050698  0.001590  1.123977  0.035258
60525.89499428  0.051156  0.001595  1.134124  0.035364
60525.89505240  0.050703  0.001547  1.124083  0.034307
60525.89511052  0.053437  0.001618  1.184710  0.035872
60525.89516864  0.052952  0.001582  1.173959  0.035075
60525.89522676  0.053532  0.001530  1.186810  0.033915
60525.89528488  0.052990  0.001542  1.174797  0.034193
60525.89534300  0.049509  0.001696  1.097630  0.037597
60525.89540112  0.052287  0.001556  1.159200  0.034500
60525.89545924  0.053049  0.001423  1.176102  0.031547
60525.89551736  0.054033  0.001473  1.197909  0.032654
60525.89557548  0.052399  0.001449  1.161698  0.032127
60525.89563360  0.051911  0.001549  1.150864  0.034341
60525.89569172  0.055376  0.001590  1.227703  0.035259
60525.89574984  0.051008  0.001537  1.130849  0.034071
60525.89580796  0.052051  0.001569  1.153970  0.034779
60525.89586608  0.051879  0.001690  1.150169  0.037463
60525.89592420  0.051705  0.001737  1.146304  0.038520
60525.89598232  0.053354  0.001689  1.182870  0.037436
60525.89604044  0.052477  0.001832  1.163414  0.040623
60525.89609857  0.053847  0.001760  1.193787  0.039027
60525.89615669  0.053470  0.001846  1.185436  0.040929
60525.89621481  0.056556  0.001808  1.253847  0.040073
60525.89627293  0.051410  0.001730  1.139759  0.038344
60525.89633105  0.053464  0.001685  1.185293  0.037366
60525.89638917  0.053785  0.001584  1.192414  0.035123
60525.89644729  0.053307  0.001653  1.181816  0.036657
60525.89650541  0.052970  0.001539  1.174341  0.034125
60525.89656353  0.053694  0.001518  1.190393  0.033657
60525.89662165  0.055395  0.001464  1.228124  0.032463
60525.89667977  0.053805  0.001486  1.192865  0.032950
60525.89673789  0.053082  0.001417  1.176827  0.031422
60525.89679601  0.055119  0.001390  1.222004  0.030820
60525.89685413  0.054251  0.001524  1.202753  0.033795
60525.89691225  0.054401  0.001543  1.206081  0.034210
60525.89697037  0.056197  0.001672  1.245896  0.037059
60525.89702849  0.054121  0.001768  1.199868  0.039199
60525.89708661  0.057009  0.001759  1.263905  0.039004
60525.89714473  0.055874  0.001716  1.238723  0.038049
60525.89720285  0.055422  0.001762  1.228719  0.039059
60525.89726098  0.054476  0.001525  1.207744  0.033816
60525.89731910  0.054128  0.001490  1.200018  0.033038
60525.89737722  0.057091  0.001305  1.265704  0.028931
60525.89743534  0.055451  0.001346  1.229361  0.029846
60525.89749346  0.054443  0.001440  1.207000  0.031918
60525.89755158  0.056137  0.001518  1.244557  0.033643
60525.89760970  0.055308  0.001502  1.226190  0.033297
60525.89766782  0.053525  0.001494  1.186660  0.033116
60525.89772594  0.054687  0.001451  1.212417  0.032179
60525.89778406  0.054063  0.001592  1.198579  0.035299
60525.89784218  0.054370  0.001569  1.205390  0.034796
60525.89790030  0.052635  0.001551  1.166916  0.034382
60525.89795842  0.053841  0.001612  1.193654  0.035729
60525.89801654  0.056107  0.001625  1.243905  0.036020
60525.89807466  0.057140  0.001521  1.266791  0.033714
60525.89813278  0.057447  0.001518  1.273612  0.033659
60525.89819090  0.055524  0.001526  1.230978  0.033821
60525.89824902  0.055737  0.001696  1.235704  0.037600
60525.89830714  0.056421  0.001577  1.250870  0.034971
60525.89836526  0.057220  0.001677  1.268574  0.037183
60525.89842339  0.056805  0.001524  1.259373  0.033786
60525.90434247  0.061039  0.001667  1.353249  0.036965
60525.90440059  0.060356  0.001723  1.338098  0.038188
60525.90445871  0.059785  0.001722  1.325438  0.038182
60525.90451683  0.057711  0.001844  1.279470  0.040888
60525.90457495  0.057454  0.001942  1.273765  0.043053
60525.90463307  0.058313  0.001931  1.292815  0.042804
60525.90469119  0.058367  0.001887  1.294003  0.041825
60525.90474931  0.059267  0.001941  1.313951  0.043032
60525.90480743  0.059055  0.001944  1.309267  0.043109
60525.90486555  0.058809  0.001831  1.303795  0.040602
60525.90492367  0.055354  0.001794  1.227204  0.039770
60525.90498179  0.053807  0.001878  1.192914  0.041637
60525.90503991  0.054842  0.001552  1.215847  0.034405
60525.90509803  0.053545  0.001587  1.187093  0.035181
60525.90515615  0.054871  0.001645  1.216492  0.036481
60525.90521427  0.053602  0.001540  1.188362  0.034146
60525.90527239  0.052679  0.001499  1.167898  0.033222
60525.90533051  0.051291  0.001768  1.137125  0.039200
60525.90538863  0.054263  0.001633  1.203021  0.036208
60525.90544676  0.051019  0.001660  1.131108  0.036793
60525.90550488  0.050454  0.001760  1.118574  0.039029
60525.90556300  0.052158  0.001749  1.156357  0.038768
60525.90562112  0.053948  0.001822  1.196023  0.040397
60525.90567924  0.051808  0.001311  1.148596  0.029055
60525.90573736  0.050620  0.001139  1.122244  0.025257
60525.90579548  0.052476  0.001117  1.163391  0.024764
60525.90585360  0.050724  0.001201  1.124562  0.026630
60525.90591172  0.049852  0.001219  1.105230  0.027017
60525.90596984  0.048724  0.001103  1.080208  0.024444
60525.90602796  0.047736  0.001061  1.058312  0.023528
60525.90608608  0.048614  0.001126  1.077785  0.024968
60525.90614420  0.047244  0.001094  1.047395  0.024245
60525.90620232  0.047594  0.001136  1.055163  0.025196
60525.90626044  0.049150  0.001099  1.089671  0.024375
60525.90631856  0.046000  0.001075  1.019831  0.023829
60525.90637668  0.046892  0.001153  1.039607  0.025563
60525.90643480  0.044694  0.001169  0.990868  0.025919
60525.90649292  0.044704  0.001083  0.991082  0.024011
60525.90655104  0.046508  0.001107  1.031092  0.024545
60525.90660917  0.044899  0.001098  0.995421  0.024351
60525.90666729  0.044297  0.001104  0.982069  0.024471
60525.90672541  0.044577  0.001208  0.988287  0.026774
60525.90678353  0.044937  0.001150  0.996252  0.025499
60525.90684165  0.043664  0.001156  0.968036  0.025619
60525.90689977  0.043904  0.001135  0.973352  0.025164
60525.90695789  0.041465  0.001131  0.919294  0.025064
60525.90701601  0.040951  0.001046  0.907884  0.023189
60525.90707413  0.041175  0.001196  0.912849  0.026512
60525.90713225  0.045211  0.001136  1.002325  0.025189
60525.90719037  0.042448  0.001144  0.941080  0.025360
60525.90724849  0.045111  0.001497  1.000106  0.033189
60525.90730661  0.041111  0.001512  0.911434  0.033519
60525.90736473  0.041983  0.001434  0.930776  0.031783
60525.90742285  0.042573  0.001414  0.943845  0.031339
60525.90748097  0.043887  0.001302  0.972990  0.028857
60525.90753909  0.042447  0.001334  0.941058  0.029580
60525.90759721  0.042076  0.001349  0.932837  0.029901
60525.90765533  0.041044  0.001399  0.909950  0.031017
60525.90771345  0.040781  0.001202  0.904116  0.026649
60525.90777158  0.041502  0.001481  0.920102  0.032838
60525.90782970  0.044647  0.001622  0.989831  0.035950
60525.90788782  0.042989  0.001588  0.953077  0.035209
60525.90794594  0.042605  0.001416  0.944550  0.031395
60525.90800406  0.043414  0.001473  0.962484  0.032666
60525.90806218  0.041134  0.001376  0.911953  0.030499
60525.90812030  0.043725  0.001388  0.969387  0.030772
60525.90817842  0.042023  0.001449  0.931655  0.032126
60525.90823654  0.044311  0.001426  0.982383  0.031617
60525.90829466  0.041260  0.001387  0.914744  0.030759
60525.90835278  0.040922  0.001419  0.907244  0.031450
60525.90841090  0.042565  0.001548  0.943681  0.034310
60525.90846902  0.042294  0.001465  0.937657  0.032468
60525.90852714  0.042630  0.001517  0.945105  0.033634
60525.90858526  0.042034  0.001448  0.931897  0.032102
60525.90864338  0.044239  0.001296  0.980793  0.028727
60525.90870150  0.041621  0.001452  0.922738  0.032184
60525.90875962  0.043743  0.001403  0.969781  0.031100
60525.90881774  0.042220  0.001536  0.936013  0.034045
60525.90887586  0.042888  0.001547  0.950832  0.034292
60525.90893399  0.041442  0.001621  0.918782  0.035928
60525.90899211  0.044091  0.001579  0.977513  0.035001
60525.90905023  0.041415  0.001471  0.918167  0.032602
60525.90910835  0.044043  0.001582  0.976449  0.035065
60525.90916647  0.043848  0.001632  0.972110  0.036188
60525.90922459  0.042346  0.001559  0.938807  0.034567
60525.90928271  0.041898  0.001572  0.928890  0.034842
60525.90934083  0.043136  0.001531  0.956319  0.033935
60525.90939895  0.041628  0.001576  0.922903  0.034950
60525.90945707  0.041846  0.001468  0.927740  0.032549
60525.90951519  0.042953  0.001548  0.952280  0.034328
60525.90957331  0.041980  0.001648  0.930711  0.036529
60525.90963143  0.041962  0.001375  0.930305  0.030491
60525.90968955  0.042748  0.001246  0.947735  0.027633
60525.90974767  0.043306  0.001475  0.960090  0.032710
60525.90980579  0.043049  0.001399  0.954398  0.031025
60525.90986391  0.042150  0.001365  0.934467  0.030272
60525.90992203  0.042191  0.001331  0.935390  0.029504
60525.90998015  0.043396  0.001411  0.962098  0.031291
60525.91003827  0.040921  0.001236  0.907228  0.027399
60525.91009640  0.043336  0.001556  0.960763  0.034504
60525.91015452  0.041497  0.001504  0.920004  0.033339
60525.91021264  0.041047  0.001515  0.910026  0.033596
60525.91027076  0.041829  0.001696  0.927346  0.037597
60525.91032888  0.041654  0.001585  0.923485  0.035148
60525.91038700  0.041837  0.001346  0.927535  0.029845
60525.91044512  0.040886  0.001379  0.906452  0.030582
60525.91050324  0.040047  0.001592  0.887846  0.035300
60525.91056136  0.041207  0.001443  0.913561  0.031996
60525.91061948  0.041799  0.001433  0.926700  0.031760
60525.91067760  0.045597  0.001510  1.010886  0.033467
60525.91073572  0.043830  0.001475  0.971725  0.032690
60525.91079384  0.040792  0.001283  0.904364  0.028436
60525.91085196  0.042137  0.001540  0.934173  0.034149
60525.91091008  0.039157  0.001591  0.868124  0.035273
60525.91096820  0.040298  0.001605  0.893401  0.035587
60525.91102632  0.041919  0.001570  0.929357  0.034818
60525.91108444  0.043384  0.001566  0.961820  0.034718
60525.91114256  0.039546  0.001627  0.876743  0.036072
60525.91120068  0.042429  0.001611  0.940656  0.035707
60525.91125881  0.042544  0.001571  0.943210  0.034838
60525.91131693  0.041393  0.001641  0.917683  0.036372
60525.91137505  0.041813  0.001460  0.926999  0.032369
60525.91143317  0.043871  0.001477  0.972634  0.032736
60525.91149129  0.042564  0.001567  0.943643  0.034751
60525.91154941  0.040614  0.001409  0.900419  0.031242
60525.91160753  0.041838  0.001407  0.927562  0.031188
60525.91166565  0.041212  0.001266  0.913664  0.028069
60525.91172377  0.042053  0.001223  0.932329  0.027107
60525.91178189  0.045160  0.001458  1.001213  0.032333
60525.91184001  0.042344  0.001469  0.938765  0.032577
60525.91189813  0.040199  0.001489  0.891213  0.033002
60525.91195625  0.044080  0.001501  0.977262  0.033270
60525.91201437  0.043772  0.001379  0.970438  0.030566
60525.91207249  0.043282  0.001257  0.959562  0.027871
60525.91213061  0.042807  0.001449  0.949030  0.032127
60525.91218873  0.040632  0.001388  0.900812  0.030765
60525.91224685  0.040826  0.001432  0.905121  0.031754
60525.91230497  0.044762  0.001334  0.992371  0.029567
60525.91236309  0.041275  0.001423  0.915065  0.031538
60525.91242122  0.046364  0.001445  1.027903  0.032038
60525.91247934  0.043853  0.001404  0.972233  0.031124
60525.91253746  0.044155  0.001285  0.978919  0.028498
60525.91259558  0.043326  0.001292  0.960539  0.028643
60525.91265370  0.043461  0.001405  0.963542  0.031139
60525.91271182  0.044038  0.001252  0.976326  0.027750
60525.91276994  0.045178  0.001184  1.001606  0.026245
60525.91282806  0.045418  0.001195  1.006913  0.026486
60525.91288618  0.046598  0.001252  1.033087  0.027755
60525.91294430  0.046886  0.001253  1.039474  0.027771
60525.91300242  0.046491  0.001438  1.030704  0.031873
60525.91306054  0.046553  0.001506  1.032092  0.033388
60525.91311866  0.044503  0.001738  0.986640  0.038530
60525.91317678  0.047545  0.001662  1.054081  0.036846
60525.91323490  0.045195  0.001614  1.001982  0.035774
60525.91329302  0.047619  0.001567  1.055710  0.034740
60525.91335114  0.048665  0.001587  1.078920  0.035175
60525.91340926  0.048301  0.001613  1.070837  0.035759
60525.91346738  0.047565  0.001551  1.054514  0.034387
60525.91352550  0.048901  0.001418  1.084143  0.031445
60525.91358363  0.047423  0.001494  1.051364  0.033116
60525.91364175  0.048738  0.001499  1.080536  0.033243
60525.91369987  0.048227  0.001528  1.069203  0.033872
60525.91375799  0.048034  0.001259  1.064927  0.027906
60525.91381611  0.045129  0.001424  1.000516  0.031563
60525.91387423  0.046904  0.001359  1.039863  0.030125
60525.91393235  0.047700  0.001531  1.057526  0.033937
60525.91399047  0.048335  0.001312  1.071602  0.029080
60525.91404859  0.048569  0.001459  1.076777  0.032339
60525.91410671  0.047945  0.001457  1.062947  0.032313
60525.91416483  0.048381  0.001467  1.072619  0.032525
60525.91422295  0.047791  0.001439  1.059542  0.031903
60525.91428107  0.045399  0.001366  1.006513  0.030289
60525.91433919  0.047260  0.001454  1.047756  0.032238
60525.91439731  0.046455  0.001244  1.029907  0.027576
60525.91445543  0.045838  0.001451  1.016233  0.032161
60525.91451355  0.045957  0.001619  1.018862  0.035893
60525.91457167  0.044858  0.001604  0.994513  0.035555
60525.91462979  0.045910  0.001459  1.017828  0.032347
60525.91468792  0.047255  0.001568  1.047656  0.034755
60525.91474604  0.046561  0.001433  1.032259  0.031780
60525.91480416  0.049021  0.001417  1.086806  0.031410
60525.91486228  0.047813  0.001398  1.060011  0.031004
60525.91492040  0.047230  0.001300  1.047089  0.028820
60525.91497852  0.045735  0.001181  1.013961  0.026175
60525.91503664  0.045859  0.001362  1.016700  0.030185
60525.91509476  0.045957  0.001346  1.018882  0.029835
60525.91515288  0.047051  0.001363  1.043127  0.030221
60525.91521100  0.045101  0.001469  0.999901  0.032561
60525.91526912  0.048113  0.001566  1.066667  0.034718
60525.91532724  0.047831  0.001560  1.060424  0.034575
60525.91538536  0.045741  0.001561  1.014085  0.034608
60525.91544348  0.045367  0.001569  1.005788  0.034793
60525.91550160  0.044616  0.001596  0.989149  0.035393
60525.91555972  0.045113  0.001536  1.000171  0.034050
60525.91561784  0.046750  0.001663  1.036445  0.036879
60525.91567596  0.045010  0.001597  0.997869  0.035395
60525.91573408  0.045492  0.001493  1.008574  0.033097
60525.91579220  0.048231  0.001575  1.069298  0.034907
60525.91585033  0.047503  0.001614  1.053146  0.035791
60525.91590845  0.044451  0.001518  0.985483  0.033657
60525.91596657  0.046755  0.001627  1.036571  0.036077
60525.91602469  0.045758  0.001714  1.014466  0.038009
60525.91608281  0.045292  0.001686  1.004136  0.037384
60525.91614093  0.047314  0.001576  1.048967  0.034932
60525.91619905  0.047389  0.001550  1.050611  0.034367
60525.91625717  0.042941  0.001495  0.951997  0.033133
60525.91631529  0.045982  0.001510  1.019424  0.033468
60525.91637341  0.043524  0.001541  0.964940  0.034163
60525.91643153  0.044171  0.001374  0.979286  0.030460
60525.91648965  0.045193  0.001431  1.001941  0.031736
60525.91654777  0.043649  0.001243  0.967700  0.027553
60525.91660589  0.045015  0.001358  0.997991  0.030101
60525.91666401  0.044590  0.001419  0.988558  0.031463
60525.91672213  0.044350  0.001474  0.983243  0.032689
60525.91678025  0.044369  0.001515  0.983663  0.033588
60525.91683837  0.042813  0.001463  0.949172  0.032434
60525.91689649  0.045670  0.001404  1.012508  0.031117
60525.91695461  0.043039  0.001322  0.954189  0.029301
60525.91701274  0.046200  0.001409  1.024264  0.031248
60525.91707086  0.046748  0.001460  1.036402  0.032372
60525.91712898  0.046494  0.001328  1.030781  0.029450
60525.91718710  0.047088  0.001623  1.043938  0.035982
60525.91724522  0.042973  0.001433  0.952724  0.031774
60525.91730334  0.047140  0.001405  1.045098  0.031151
60525.91736146  0.045529  0.001428  1.009380  0.031665
60525.91741958  0.045629  0.001535  1.011611  0.034029
60525.91747770  0.042119  0.001609  0.933777  0.035682
60525.91753582  0.044903  0.001667  0.995506  0.036962
60525.91759394  0.044773  0.001558  0.992629  0.034531
60525.91765206  0.044331  0.001492  0.982835  0.033067
60525.91771018  0.045481  0.001591  1.008321  0.035274
60525.91776830  0.046582  0.001455  1.032738  0.032263
60525.91782642  0.043065  0.001567  0.954762  0.034730
60525.91788454  0.045581  0.001554  1.010542  0.034448
60525.91794266  0.045852  0.001389  1.016553  0.030791
60525.91800078  0.046516  0.001470  1.031266  0.032585
60525.91805890  0.044572  0.001548  0.988165  0.034328
60525.91811702  0.043528  0.001532  0.965029  0.033963
60525.91817515  0.043510  0.001530  0.964618  0.033918
60525.91823327  0.043027  0.001553  0.953910  0.034441
60525.91829139  0.044538  0.001357  0.987403  0.030078
60525.91834951  0.044698  0.001264  0.990952  0.028023
60525.91840763  0.044612  0.001418  0.989062  0.031438
60525.91846575  0.046127  0.001460  1.022631  0.032370
60525.91852387  0.043969  0.001369  0.974802  0.030349
60525.91858199  0.041991  0.001358  0.930937  0.030099
60525.91864011  0.043224  0.001377  0.958284  0.030518
60525.91869823  0.045125  0.001384  1.000436  0.030684
60525.91875635  0.044516  0.001428  0.986918  0.031661
60525.91881447  0.045819  0.001299  1.015811  0.028807
60525.91887259  0.043684  0.001348  0.968488  0.029885
60525.91893071  0.045153  0.001315  1.001049  0.029160
60525.91898883  0.042875  0.001383  0.950537  0.030662
60525.91904695  0.044715  0.001682  0.991333  0.037301
60525.91910507  0.043530  0.001627  0.965072  0.036067
60525.91916319  0.043263  0.001483  0.959154  0.032882
60525.91922131  0.044181  0.001518  0.979506  0.033649
60525.91927943  0.042416  0.001572  0.940370  0.034857
60525.91933756  0.044414  0.001527  0.984657  0.033856
60525.91939568  0.043715  0.001540  0.969178  0.034136
60525.91945380  0.042593  0.001445  0.944289  0.032047
60525.91951192  0.044104  0.001543  0.977794  0.034199
60525.91957004  0.043375  0.001491  0.961621  0.033052
60525.91962816  0.043530  0.001593  0.965057  0.035306
60525.91968628  0.043712  0.001463  0.969093  0.032445
60525.91974440  0.041200  0.001362  0.913401  0.030187
60525.91980252  0.044785  0.001337  0.992889  0.029651
60525.91986064  0.044527  0.001401  0.987161  0.031064
60525.91991876  0.043846  0.001443  0.972072  0.031989
60525.91997688  0.042716  0.001386  0.947028  0.030729
60525.92003500  0.044366  0.001319  0.983608  0.029250
60525.92009312  0.042942  0.001298  0.952028  0.028788
60525.92015124  0.044674  0.001291  0.990425  0.028615
60525.92020936  0.043042  0.001267  0.954249  0.028090
60525.92026748  0.044274  0.001302  0.981550  0.028866
60525.92032560  0.043553  0.001182  0.965567  0.026209
60525.92038372  0.043330  0.001356  0.960622  0.030058
60525.92044184  0.043768  0.001350  0.970348  0.029932
60525.92049997  0.041904  0.001281  0.929017  0.028389
60525.92055809  0.044379  0.001358  0.983895  0.030102
60525.92061621  0.045405  0.001267  1.006630  0.028088
60525.92067433  0.043738  0.001364  0.969676  0.030231
60525.92073245  0.041639  0.001249  0.923136  0.027697
60525.92079057  0.041687  0.001192  0.924206  0.026438
60525.92084869  0.042763  0.001257  0.948071  0.027862
60525.92090681  0.044631  0.001277  0.989466  0.028317
60525.92096493  0.043488  0.001388  0.964125  0.030774
60525.92102305  0.043910  0.001203  0.973499  0.026681
60525.92108117  0.041822  0.001199  0.927195  0.026590
60525.92113929  0.041878  0.001286  0.928450  0.028518
60525.92119741  0.042774  0.001310  0.948308  0.029037
60525.92125553  0.042884  0.001364  0.950741  0.030241
60525.92131365  0.045098  0.001292  0.999831  0.028637
60525.92137177  0.040252  0.001443  0.892400  0.031993
60525.92142989  0.043872  0.001504  0.972652  0.033341
60525.92148801  0.041479  0.001515  0.919600  0.033582
60525.92154613  0.045232  0.001565  1.002794  0.034691
60525.92160425  0.041688  0.001706  0.924223  0.037821
60525.92166238  0.042857  0.001477  0.950142  0.032748
60525.92172050  0.043748  0.001638  0.969904  0.036312
60525.92177862  0.043663  0.001515  0.968004  0.033583
60525.92183674  0.042892  0.001474  0.950926  0.032675
60525.92189486  0.044202  0.001333  0.979957  0.029548
60525.92195298  0.041917  0.001308  0.929303  0.028999
60525.92201110  0.041337  0.001250  0.916452  0.027702
60525.92206922  0.043073  0.001312  0.954940  0.029083
60525.92212734  0.042844  0.001297  0.949862  0.028749
60525.92218546  0.042196  0.001306  0.935492  0.028952
60525.92224358  0.043374  0.001236  0.961609  0.027395
60525.92230170  0.042219  0.001350  0.936010  0.029937
60525.92235982  0.042098  0.001252  0.933327  0.027751
60525.92241794  0.042317  0.001267  0.938182  0.028100
60525.92247606  0.043356  0.001218  0.961219  0.027012
60525.92253418  0.042500  0.001371  0.942226  0.030395
60525.92259230  0.043321  0.001186  0.960430  0.026291
60525.92265042  0.043908  0.001259  0.973450  0.027907
60525.92270854  0.043231  0.001257  0.958426  0.027869
60525.92276666  0.044827  0.001273  0.993821  0.028222
60525.92282479  0.043334  0.001203  0.960719  0.026669
60525.92288291  0.042067  0.001229  0.932629  0.027251
60525.92294103  0.043509  0.001358  0.964593  0.030109
60525.92299915  0.043951  0.001258  0.974392  0.027885
60525.92305727  0.044052  0.001436  0.976648  0.031841
60525.92311539  0.042990  0.001377  0.953087  0.030533
60525.92317351  0.043338  0.001241  0.960812  0.027523
60525.92323163  0.042875  0.001150  0.950533  0.025503
60525.92328975  0.043773  0.001296  0.970454  0.028736
60525.92334787  0.043014  0.001495  0.953616  0.033134
60525.92340599  0.043966  0.001416  0.974730  0.031396
60525.92346411  0.046340  0.001511  1.027354  0.033489
60525.92352223  0.042829  0.001403  0.949522  0.031107
60525.92358035  0.044288  0.001466  0.981870  0.032496
60525.92363847  0.044361  0.001337  0.983491  0.029636
60525.92369659  0.042401  0.001404  0.940041  0.031127
60525.92375471  0.044488  0.001477  0.986299  0.032742
60525.92381283  0.042803  0.001418  0.948947  0.031447
60525.92387095  0.042696  0.001560  0.946570  0.034579
60525.92392907  0.042145  0.001584  0.934364  0.035109
60525.92398720  0.041756  0.001404  0.925744  0.031137
60525.92404532  0.042986  0.001418  0.952997  0.031440
60525.92410344  0.040042  0.001583  0.887727  0.035102
60525.92416156  0.043714  0.001670  0.969137  0.037018
60525.92421968  0.042724  0.001649  0.947194  0.036563
60525.92427780  0.041718  0.001638  0.924892  0.036318
60525.92433592  0.043045  0.001358  0.954314  0.030100
60525.92439404  0.043267  0.001557  0.959229  0.034515
60525.92445216  0.043755  0.001478  0.970060  0.032766
60525.92451028  0.044629  0.001505  0.989421  0.033369
60525.92456840  0.044391  0.001410  0.984149  0.031249
60525.92462652  0.044021  0.001379  0.975957  0.030571
60525.92468464  0.044080  0.001311  0.977263  0.029055
60525.92474276  0.044500  0.001479  0.986573  0.032785
60525.92480088  0.043289  0.001282  0.959718  0.028424
60525.92485900  0.041436  0.001235  0.918652  0.027373
60525.92491712  0.043179  0.001232  0.957283  0.027315
60525.92497524  0.042592  0.001209  0.944268  0.026793
60525.92503336  0.043896  0.001169  0.973178  0.025915
60525.92509148  0.041989  0.001167  0.930907  0.025868
60525.92514961  0.043039  0.001175  0.954184  0.026059
60525.92520773  0.042219  0.001137  0.936006  0.025205
60525.92526585  0.044053  0.001115  0.976663  0.024709
60525.92532397  0.044884  0.001173  0.995093  0.025999
60525.92538209  0.043388  0.001189  0.961922  0.026349
60525.92544021  0.044610  0.001195  0.989007  0.026496
60525.92549833  0.043942  0.001314  0.974205  0.029135
60525.92555645  0.042907  0.001391  0.951245  0.030843
60525.92561457  0.042388  0.001322  0.939745  0.029316
60525.92567269  0.043521  0.001441  0.964865  0.031952
60525.92573081  0.043781  0.001309  0.970627  0.029028
60525.92578893  0.045147  0.001238  1.000918  0.027441
60525.92584705  0.043495  0.001388  0.964291  0.030778
60525.92590517  0.043574  0.001475  0.966042  0.032694
60525.92596329  0.044176  0.001318  0.979386  0.029227
60525.92602141  0.044185  0.001440  0.979582  0.031924
60525.92607953  0.045952  0.001480  1.018770  0.032813
60525.92613765  0.043861  0.001435  0.972404  0.031821
60525.92619577  0.044469  0.001574  0.985875  0.034896
60525.92625389  0.045106  0.001312  1.000000  0.029082
60525.92631202  0.043027  0.001302  0.953923  0.028857
60525.92637014  0.042893  0.001185  0.950942  0.026270
60525.92642826  0.043890  0.001299  0.973039  0.028800
60525.92648638  0.045218  0.001382  1.002478  0.030648
60525.92654450  0.041932  0.001384  0.929631  0.030674
60525.92660262  0.042759  0.001275  0.947962  0.028267
60525.92666074  0.042972  0.001357  0.952692  0.030080
60525.92671886  0.043001  0.001248  0.953344  0.027675
60525.92677698  0.041245  0.001328  0.914400  0.029446
60525.92683510  0.042172  0.001366  0.934960  0.030280
60525.92689322  0.041740  0.001343  0.925390  0.029777
60525.92695134  0.043235  0.001264  0.958535  0.028018
60525.92700946  0.040630  0.001184  0.900768  0.026246
60525.92706758  0.041842  0.001199  0.927651  0.026590
60525.92712570  0.044414  0.001211  0.984672  0.026859
60525.92718382  0.042009  0.001381  0.931352  0.030612
60525.92724194  0.044453  0.001403  0.985534  0.031108
60525.92730006  0.040733  0.001212  0.903054  0.026861
60525.92735818  0.042266  0.001343  0.937042  0.029778
60525.92741631  0.041461  0.001303  0.919189  0.028887
60525.92747443  0.042588  0.001323  0.944172  0.029338
60525.92753255  0.042323  0.001259  0.938313  0.027920
60525.92759067  0.041112  0.001261  0.911457  0.027966
60525.92764879  0.040099  0.001293  0.889010  0.028659
60525.92770691  0.043870  0.001315  0.972593  0.029150
60525.92776503  0.042913  0.001295  0.951392  0.028717
60525.92782315  0.042563  0.001257  0.943621  0.027870
60525.92788127  0.040125  0.001226  0.889583  0.027186
60525.92793939  0.043561  0.001255  0.965756  0.027822
60525.92799751  0.044563  0.001294  0.987973  0.028694
60525.92805563  0.044478  0.001291  0.986091  0.028616
60525.92811375  0.040470  0.001211  0.897234  0.026851
60525.92817187  0.042460  0.001274  0.941344  0.028245
60525.92822999  0.041067  0.001255  0.910460  0.027816
60525.92828811  0.042903  0.001202  0.951170  0.026651
60525.92834623  0.043168  0.001270  0.957051  0.028146
60525.92840435  0.041895  0.001304  0.928807  0.028908
60525.92846247  0.042207  0.001342  0.935737  0.029756
60525.92852059  0.041000  0.001222  0.908985  0.027102
60525.92857872  0.040246  0.001330  0.892269  0.029488
60525.92863684  0.042797  0.001193  0.948825  0.026453
60525.92869496  0.040942  0.001280  0.907697  0.028385
60525.92875308  0.042962  0.001331  0.952463  0.029505
60525.92881120  0.040968  0.001221  0.908256  0.027071
60525.92886932  0.043426  0.001316  0.962756  0.029180
60525.92892744  0.042194  0.001364  0.935444  0.030249
60525.92898556  0.042157  0.001328  0.934618  0.029432
60525.92904368  0.041110  0.001293  0.911405  0.028665
60525.92910180  0.042632  0.001240  0.945167  0.027482
60525.92915992  0.043596  0.001486  0.966539  0.032940
60525.92921804  0.042474  0.001231  0.941657  0.027284
60525.92927616  0.042119  0.001331  0.933793  0.029509
60525.92933428  0.042343  0.001405  0.938756  0.031151
60525.92939240  0.041797  0.001201  0.926638  0.026621
60525.92945052  0.040122  0.001390  0.889513  0.030811
60525.92950864  0.043706  0.001334  0.968964  0.029570
60525.92956676  0.040476  0.001238  0.897350  0.027438
60525.92962488  0.041722  0.001231  0.924972  0.027289
60525.92968300  0.042998  0.001322  0.953268  0.029313
60525.92974113  0.043107  0.001300  0.955679  0.028832
60525.92979925  0.042324  0.001406  0.938328  0.031180
60525.92985737  0.043126  0.001319  0.956107  0.029245
60525.92991549  0.041990  0.001243  0.930924  0.027559
60525.92997361  0.039516  0.001211  0.876072  0.026852
60525.94307978  0.054702  0.001300  1.212759  0.028822
60525.94313790  0.052723  0.001352  1.168880  0.029976
60525.94319602  0.051593  0.001432  1.143823  0.031755
60525.94325415  0.054399  0.001415  1.206033  0.031376
60525.94331227  0.055233  0.001275  1.224528  0.028272
60525.94337039  0.056420  0.001344  1.250849  0.029789
60525.94342851  0.054042  0.001244  1.198127  0.027580
60525.94348663  0.053231  0.001251  1.180127  0.027732
60525.94354475  0.053001  0.001363  1.175035  0.030228
60525.94360287  0.053717  0.001339  1.190908  0.029696
60525.94366099  0.053936  0.001244  1.195764  0.027580
60525.94371911  0.055851  0.001321  1.238215  0.029294
60525.94377723  0.055149  0.001386  1.222665  0.030730
60525.94383535  0.056413  0.001364  1.250686  0.030242
60525.94389347  0.056364  0.001344  1.249608  0.029799
60525.94395159  0.053585  0.001325  1.187995  0.029371
60525.94400971  0.055215  0.001292  1.224113  0.028639
60525.94406783  0.054230  0.001359  1.202284  0.030130
60525.94412595  0.055065  0.001314  1.220805  0.029140
60525.94418407  0.052301  0.001337  1.159518  0.029652
60525.94424219  0.055803  0.001417  1.237158  0.031424
60525.94430031  0.057408  0.001273  1.272737  0.028223
60525.94435843  0.056254  0.001360  1.247166  0.030152
60525.94441656  0.055039  0.001333  1.220222  0.029555
60525.94447468  0.057703  0.001464  1.279276  0.032457
60525.94453280  0.054220  0.001385  1.202073  0.030704
60525.94459092  0.054327  0.001382  1.204444  0.030637
60525.94464904  0.055759  0.001386  1.236193  0.030726
60525.94470716  0.054926  0.001434  1.217707  0.031789
60525.94476528  0.056402  0.001310  1.250440  0.029035
60525.94482340  0.053589  0.001339  1.188082  0.029680
60525.94488152  0.056756  0.001297  1.258290  0.028753
60525.94493964  0.055972  0.001378  1.240908  0.030549
60525.94499776  0.056295  0.001361  1.248069  0.030163
60525.94505588  0.055890  0.001319  1.239094  0.029235
60525.94511400  0.055364  0.001290  1.227421  0.028604
60525.94517212  0.056881  0.001315  1.261049  0.029146
60525.94523024  0.055984  0.001300  1.241179  0.028813
60525.94528836  0.058375  0.001317  1.294179  0.029202
60525.94534648  0.055954  0.001337  1.240499  0.029648
60525.94540460  0.057450  0.001265  1.273683  0.028039
60525.94546272  0.059002  0.001215  1.308089  0.026936
60525.94552085  0.057921  0.001355  1.284115  0.030034
60525.94557897  0.056846  0.001365  1.260280  0.030265
60525.94563709  0.056413  0.001284  1.250689  0.028457
60525.94569521  0.055860  0.001443  1.238415  0.031983
60525.94575333  0.056816  0.001276  1.259608  0.028278
60525.94581145  0.055725  0.001270  1.235436  0.028160
60525.94586957  0.055967  0.001325  1.240788  0.029372
60525.94592769  0.058543  0.001280  1.297910  0.028378
60525.94598581  0.055944  0.001248  1.240278  0.027664
60525.94604393  0.057913  0.001246  1.283934  0.027627
60525.94610205  0.056926  0.001362  1.262060  0.030189
60525.94616017  0.059463  0.001398  1.318310  0.030983
60525.94621829  0.059071  0.001349  1.309621  0.029915
60525.94627641  0.060422  0.001453  1.339557  0.032204
60525.94633453  0.059977  0.001356  1.329701  0.030060
60525.94639265  0.056981  0.001271  1.263273  0.028187
60525.94645077  0.059358  0.001338  1.315965  0.029671
60525.94650889  0.059480  0.001307  1.318668  0.028970
60525.94656701  0.057564  0.001423  1.276204  0.031542
60525.94662513  0.058877  0.001307  1.305321  0.028976
60525.94668326  0.056356  0.001254  1.249430  0.027793
60525.94674138  0.058627  0.001399  1.299774  0.031021
60525.94679950  0.059624  0.001370  1.321866  0.030376
60525.94685762  0.057463  0.001492  1.273972  0.033075
60525.94691574  0.057828  0.001567  1.282048  0.034744
60525.94697386  0.059516  0.001445  1.319476  0.032047
60525.94703198  0.061711  0.001362  1.368136  0.030187
60525.94709010  0.058379  0.001330  1.294271  0.029482
60525.94714822  0.058967  0.001365  1.307296  0.030266
60525.94720634  0.059851  0.001254  1.326909  0.027797
60525.94726446  0.057697  0.001289  1.279158  0.028570
60525.94732258  0.057553  0.001265  1.275968  0.028056
60525.94738070  0.056087  0.001309  1.243447  0.029012
60525.94743882  0.058250  0.001342  1.291404  0.029756
60525.94749694  0.059418  0.001258  1.317294  0.027881
60525.94755506  0.055990  0.001236  1.241310  0.027398
60525.94761318  0.058371  0.001323  1.294089  0.029339
60525.94767130  0.059810  0.001311  1.325997  0.029075
60525.94772942  0.059146  0.001332  1.311274  0.029529
60525.94778754  0.059809  0.001334  1.325974  0.029565
60525.94784567  0.057728  0.001287  1.279831  0.028535
60525.94790379  0.058568  0.001273  1.298464  0.028225
60525.94796191  0.058213  0.001345  1.290591  0.029814
60525.94802003  0.059660  0.001343  1.322667  0.029781
60525.94807815  0.058182  0.001296  1.289900  0.028734
60525.94813627  0.058235  0.001214  1.291085  0.026906
60525.94819439  0.059631  0.001259  1.322028  0.027914
60525.94825251  0.058710  0.001236  1.301605  0.027412
60525.94831063  0.060325  0.001256  1.337402  0.027853
60525.94836875  0.060270  0.001392  1.336198  0.030854
60525.94842687  0.059596  0.001386  1.321249  0.030733
60525.94848499  0.060976  0.001226  1.351853  0.027187
60525.94854311  0.061065  0.001233  1.353820  0.027339
60525.94860123  0.058916  0.001268  1.306179  0.028121
60525.94865935  0.059613  0.001294  1.321630  0.028697
60525.94871747  0.058432  0.001199  1.295450  0.026591
60525.94877559  0.059331  0.001202  1.315375  0.026644
60525.94883371  0.058024  0.001218  1.286406  0.026998
60525.94889183  0.059008  0.001295  1.308223  0.028705
60525.94894995  0.060284  0.001229  1.336512  0.027239
60525.94900808  0.060063  0.001254  1.331614  0.027799
60525.94906620  0.059092  0.001227  1.310082  0.027209
60525.94912432  0.060679  0.001227  1.345261  0.027213
60525.94918244  0.059231  0.001306  1.313157  0.028945
60525.94924056  0.059552  0.001315  1.320268  0.029163
60525.94929868  0.059926  0.001255  1.328575  0.027817
60525.94935680  0.060273  0.001292  1.336258  0.028646
60525.94941492  0.061184  0.001203  1.356468  0.026677
60525.94947304  0.059433  0.001222  1.317641  0.027102
60525.94953116  0.059851  0.001224  1.326903  0.027129
60525.94958928  0.059567  0.001239  1.320612  0.027478
60525.94964740  0.059093  0.001307  1.310102  0.028968
60525.94970552  0.057424  0.001214  1.273101  0.026918
60525.94976364  0.059130  0.001206  1.310915  0.026727
60525.94982176  0.060761  0.001198  1.347085  0.026566
60525.94987988  0.060729  0.001248  1.346362  0.027666
60525.94993800  0.059465  0.001199  1.318345  0.026574
60525.94999612  0.058608  0.001244  1.299354  0.027578
60525.95005424  0.058942  0.001229  1.306741  0.027251
60525.95011236  0.058795  0.001245  1.303502  0.027596
60525.95017049  0.060281  0.001192  1.336447  0.026431
60525.95022861  0.060289  0.001245  1.336605  0.027608
60525.95028673  0.059798  0.001224  1.325724  0.027138
60525.95034485  0.060050  0.001221  1.331308  0.027060
60525.95040297  0.059650  0.001217  1.322437  0.026970
60525.95046109  0.059419  0.001272  1.317327  0.028196
60525.95051921  0.058903  0.001195  1.305890  0.026499
60525.95057733  0.061292  0.001222  1.358850  0.027101
60525.95063545  0.060708  0.001274  1.345906  0.028248
60525.95069357  0.059457  0.001228  1.318169  0.027235
60525.95075169  0.060632  0.001360  1.344216  0.030153
60525.95080981  0.059070  0.001323  1.309579  0.029337
60525.95086793  0.059595  0.001215  1.321224  0.026946
60525.95092605  0.060755  0.001254  1.346955  0.027807
60525.95098417  0.060203  0.001213  1.334700  0.026901
60525.95104229  0.058557  0.001234  1.298214  0.027352
60525.95110041  0.058328  0.001218  1.293144  0.027003
60525.95115853  0.058700  0.001267  1.301386  0.028097
60525.95121665  0.057917  0.001243  1.284029  0.027552
60525.95127477  0.059503  0.001236  1.319198  0.027396
60525.95133290  0.057886  0.001267  1.283344  0.028080
60525.95139102  0.057142  0.001239  1.266837  0.027480
60525.95144914  0.055161  0.001216  1.222932  0.026961
60525.95150726  0.056655  0.001218  1.256058  0.027009
60525.95156538  0.056625  0.001195  1.255383  0.026490
60525.95162350  0.054776  0.001240  1.214385  0.027494
60525.95168162  0.054935  0.001299  1.217906  0.028807
60525.95173974  0.054533  0.001225  1.209014  0.027159
60525.95179786  0.055213  0.001207  1.224078  0.026770
60525.95185598  0.052469  0.001269  1.163236  0.028128
60525.95191410  0.054474  0.001188  1.207703  0.026336
60525.95197222  0.053276  0.001172  1.181140  0.025982
60525.95203034  0.052092  0.001194  1.154885  0.026464
60525.95208846  0.052615  0.001152  1.166489  0.025539
60525.95214658  0.051958  0.001231  1.151919  0.027282
60525.95220470  0.052331  0.001185  1.160196  0.026281
60525.95226282  0.052022  0.001185  1.153336  0.026280
60525.95232094  0.049784  0.001185  1.103722  0.026281
60525.95237906  0.050675  0.001166  1.123469  0.025860
60525.95243718  0.049407  0.001222  1.095358  0.027084
60525.95249531  0.049882  0.001150  1.105884  0.025503
60525.95255343  0.048186  0.001157  1.068289  0.025661
60525.95261155  0.050763  0.001179  1.125421  0.026132
60525.95266967  0.049804  0.001174  1.104164  0.026021
60525.95272779  0.048409  0.001195  1.073243  0.026495
60525.95278591  0.045889  0.001211  1.017367  0.026855
60525.95284403  0.044814  0.001227  0.993526  0.027212
60525.95290215  0.047915  0.001232  1.062280  0.027322
60525.95296027  0.045407  0.001252  1.006672  0.027749
60525.95301839  0.047790  0.001243  1.059500  0.027552
60525.95307651  0.047297  0.001220  1.048588  0.027050
60525.95313463  0.047085  0.001218  1.043870  0.026998
60525.95319275  0.044262  0.001189  0.981286  0.026350
60525.95325087  0.043325  0.001303  0.960522  0.028896
60525.95330899  0.044833  0.001153  0.993949  0.025573
60525.95336711  0.044865  0.001222  0.994668  0.027098
60525.95342523  0.044285  0.001158  0.981805  0.025669
60525.95348335  0.041703  0.001169  0.924560  0.025924
60525.95354147  0.043227  0.001176  0.958339  0.026075
60525.95359959  0.043656  0.001144  0.967859  0.025365
60525.95365772  0.042986  0.001154  0.952995  0.025578
60525.95371584  0.043633  0.001167  0.967344  0.025872
60525.95377396  0.042290  0.001148  0.937584  0.025441
60525.95383208  0.040734  0.001167  0.903068  0.025867
60525.95389020  0.042207  0.001194  0.935738  0.026468
60525.95394832  0.042742  0.001126  0.947600  0.024961
60525.95400644  0.041701  0.001151  0.924523  0.025526
60525.95406456  0.043078  0.001128  0.955036  0.025015
60525.95412268  0.041922  0.001156  0.929408  0.025629
60525.95418080  0.044234  0.001158  0.980665  0.025673
60525.95423892  0.041239  0.001131  0.914276  0.025066
60525.95429704  0.040167  0.001120  0.890518  0.024826
60525.95435516  0.042335  0.001193  0.938573  0.026446
60525.95441328  0.041862  0.001188  0.928076  0.026337
60525.95447140  0.041679  0.001212  0.924025  0.026872
60525.95452952  0.044684  0.001217  0.990652  0.026972
60525.95458764  0.040843  0.001161  0.905501  0.025741
60525.95464576  0.040348  0.001130  0.894517  0.025052
60525.95470388  0.040861  0.001151  0.905889  0.025512
60525.95476200  0.040710  0.001169  0.902548  0.025913
60525.95482013  0.041316  0.001207  0.915987  0.026766
60525.95487825  0.042894  0.001216  0.950971  0.026961
60525.95493637  0.040096  0.001176  0.888930  0.026069
60525.95499449  0.040193  0.001155  0.891091  0.025603
60525.95505261  0.042479  0.001177  0.941770  0.026084
60525.95511073  0.041427  0.001138  0.918438  0.025231
60525.95516885  0.040654  0.001156  0.901315  0.025633
60525.95522697  0.043284  0.001222  0.959614  0.027092
60525.95528509  0.042171  0.001208  0.934939  0.026780
60525.95534321  0.041728  0.001197  0.925113  0.026527
60525.95540133  0.042240  0.001264  0.936457  0.028031
60525.95545945  0.043384  0.001221  0.961828  0.027068
60525.95551757  0.042429  0.001245  0.940657  0.027596
60525.95557569  0.038811  0.001157  0.860438  0.025651
60525.95563381  0.041333  0.001159  0.916358  0.025701
60525.95569193  0.041956  0.001203  0.930161  0.026663
60525.95575005  0.042934  0.001137  0.951845  0.025210
60525.95580817  0.042376  0.001186  0.939479  0.026302
60525.95586629  0.041568  0.001283  0.921565  0.028453
60525.95592442  0.040471  0.001308  0.897254  0.028999
60525.95598254  0.041715  0.001233  0.924831  0.027339
60525.95604066  0.042711  0.001266  0.946902  0.028062
60525.95609878  0.041739  0.001232  0.925355  0.027304
60525.95615690  0.043013  0.001182  0.953600  0.026211
60525.95621502  0.043535  0.001208  0.965175  0.026784
60525.95627314  0.042323  0.001159  0.938314  0.025692
60525.95633126  0.040949  0.001389  0.907847  0.030792
60525.95638938  0.040575  0.001283  0.899554  0.028446
60525.95644750  0.040735  0.001138  0.903109  0.025233
60525.95650562  0.040768  0.001167  0.903823  0.025867
60525.95656374  0.041812  0.001233  0.926969  0.027330
60525.95662186  0.040852  0.001227  0.905698  0.027201
60525.95667998  0.042109  0.001145  0.933565  0.025389
60525.95673810  0.040640  0.001137  0.901002  0.025208
60525.95679622  0.041075  0.001129  0.910637  0.025037
60525.95685434  0.041448  0.001139  0.918908  0.025249
60525.95691246  0.042366  0.001165  0.939258  0.025833
60525.95697058  0.042263  0.001152  0.936966  0.025531
60525.95702870  0.041512  0.001176  0.920327  0.026081
60525.95708683  0.042172  0.001261  0.934954  0.027956
60525.95714495  0.040944  0.001138  0.907741  0.025237
60525.95720307  0.042201  0.001311  0.935593  0.029074
60525.95726119  0.042859  0.001151  0.950195  0.025523
60525.95731931  0.043169  0.001168  0.957062  0.025893
60525.95737743  0.042897  0.001236  0.951027  0.027402
60525.95743555  0.041309  0.001154  0.915831  0.025575
60525.95749367  0.042348  0.001271  0.938851  0.028176
60525.95755179  0.042161  0.001291  0.934721  0.028612
60525.95760991  0.040559  0.001261  0.899207  0.027955
60525.95766803  0.041872  0.001279  0.928302  0.028349
60525.95772615  0.042857  0.001236  0.950154  0.027401
60525.95778427  0.041936  0.001173  0.929736  0.025995
60525.95784239  0.042825  0.001221  0.949435  0.027071
60525.95790051  0.041599  0.001258  0.922249  0.027881
60525.95795863  0.043794  0.001212  0.970920  0.026881
60525.95801675  0.041604  0.001258  0.922377  0.027894
60525.95807487  0.042178  0.001211  0.935091  0.026838
60525.95813299  0.041846  0.001162  0.927742  0.025769
60525.95819111  0.041246  0.001159  0.914420  0.025697
60525.95824924  0.040430  0.001177  0.896344  0.026093
60525.95830736  0.041843  0.001252  0.927666  0.027768
60525.95836548  0.040808  0.001179  0.904712  0.026136
60525.95842360  0.041257  0.001191  0.914665  0.026411
60525.95848172  0.042051  0.001220  0.932274  0.027044
60525.95853984  0.044016  0.001262  0.975851  0.027980
60525.95859796  0.043561  0.001275  0.965742  0.028276
60525.95865608  0.041838  0.001157  0.927559  0.025650
60525.95871420  0.042296  0.001228  0.937714  0.027220
60525.95877232  0.043059  0.001206  0.954634  0.026737
60525.95883044  0.041565  0.001142  0.921504  0.025328
60525.95888856  0.041799  0.001206  0.926695  0.026744
60525.95894668  0.041538  0.001260  0.920910  0.027925
60525.95900480  0.043419  0.001174  0.962595  0.026017
60525.95906292  0.045898  0.001191  1.017555  0.026412
60525.95912104  0.044432  0.001166  0.985063  0.025850
60525.95917916  0.043588  0.001214  0.966362  0.026921
60525.95923728  0.044456  0.001168  0.985597  0.025893
60525.95929540  0.043853  0.001211  0.972238  0.026848
60525.95935352  0.044030  0.001146  0.976147  0.025416
60525.95941165  0.045567  0.001185  1.010220  0.026267
60525.95946977  0.046041  0.001173  1.020727  0.026006
60525.95952789  0.046337  0.001165  1.027300  0.025830
60525.95958601  0.047062  0.001176  1.043367  0.026070
60525.95964413  0.046178  0.001214  1.023772  0.026918
60525.95970225  0.047511  0.001193  1.053316  0.026449
60525.95976037  0.048603  0.001187  1.077536  0.026323
60525.95981849  0.048416  0.001290  1.073397  0.028591
60525.95987661  0.047294  0.001207  1.048510  0.026759
60525.95993473  0.046448  0.001236  1.029762  0.027409
60525.95999285  0.048307  0.001243  1.070981  0.027557
60525.96005097  0.047355  0.001229  1.049861  0.027257
60525.96010909  0.048324  0.001247  1.071351  0.027656
60525.96016721  0.049449  0.001181  1.096293  0.026192
60525.96022533  0.048933  0.001191  1.084849  0.026409
60525.96028345  0.050521  0.001202  1.120068  0.026646
60525.96034157  0.047430  0.001285  1.051526  0.028490
60525.96039969  0.048027  0.001257  1.064758  0.027872
60525.96045781  0.047828  0.001255  1.060363  0.027813
60525.96051593  0.050296  0.001219  1.115069  0.027015
60525.96057406  0.048082  0.001184  1.065979  0.026248
60525.96063218  0.047064  0.001186  1.043406  0.026302
60525.96069030  0.047825  0.001192  1.060282  0.026425
60525.96074842  0.048613  0.001255  1.077761  0.027814
60525.96080654  0.046448  0.001271  1.029760  0.028189
60525.96086466  0.047999  0.001290  1.064138  0.028589
60525.96092278  0.048645  0.001196  1.078470  0.026506
60525.96098090  0.047499  0.001252  1.053049  0.027749
60525.96103902  0.048001  0.001203  1.064193  0.026667
60525.96109714  0.049178  0.001165  1.090280  0.025833
60525.96115526  0.046787  0.001200  1.037271  0.026610
60525.96121338  0.047103  0.001177  1.044276  0.026105
60525.96127150  0.045148  0.001166  1.000930  0.025843
60525.96132962  0.046763  0.001206  1.036746  0.026736
60525.96138774  0.046174  0.001192  1.023673  0.026422
60525.96144586  0.046760  0.001221  1.036667  0.027062
60525.96150398  0.045521  0.001215  1.009203  0.026941
60525.96156210  0.045900  0.001281  1.017612  0.028405
60525.96162022  0.045374  0.001243  1.005956  0.027555
60525.96167834  0.046331  0.001180  1.027154  0.026155
60525.96173647  0.046281  0.001198  1.026064  0.026552
60525.96179459  0.047071  0.001221  1.043565  0.027062
60525.96185271  0.045124  0.001280  1.000413  0.028379
60525.96191083  0.044879  0.001241  0.994973  0.027503
60525.96196895  0.045310  0.001208  1.004531  0.026778
60525.96202707  0.047091  0.001267  1.044020  0.028083
60525.96208519  0.045439  0.001250  1.007382  0.027713
60525.96214331  0.046850  0.001244  1.038667  0.027586
60525.96220143  0.044947  0.001245  0.996481  0.027591
60525.96225955  0.045061  0.001237  0.999001  0.027418
60525.96231767  0.045702  0.001245  1.013227  0.027612
60525.96237579  0.045551  0.001228  1.009860  0.027217
60525.96243391  0.047420  0.001198  1.051301  0.026557
60525.96249203  0.044662  0.001257  0.990154  0.027879
60525.96255015  0.045828  0.001254  1.016002  0.027805
60525.96260827  0.044775  0.001282  0.992674  0.028429
60525.96266639  0.045017  0.001240  0.998025  0.027498
60525.96272451  0.045082  0.001253  0.999466  0.027769
60525.96278263  0.044902  0.001239  0.995479  0.027464
60525.96284075  0.044861  0.001188  0.994570  0.026340
60525.96289888  0.045483  0.001199  1.008355  0.026583
60525.96295700  0.045265  0.001160  1.003527  0.025718
60525.96301512  0.045352  0.001179  1.005464  0.026134
60525.96307324  0.045368  0.001200  1.005817  0.026607
60525.96313136  0.044157  0.001178  0.978960  0.026109
60525.96318948  0.048058  0.001186  1.065454  0.026292
60525.96324760  0.047260  0.001231  1.047757  0.027293
60525.96330572  0.044790  0.001176  0.993010  0.026075
60525.96336384  0.044563  0.001208  0.987968  0.026788
