# HiPERCAM r-band photometry
# Columns: MJD, Ratio, Ratio_Error, Normalized_Ratio, Normalized_Ratio_Error
# Data from runs 10, 12, 14
# Excluded region: MJD 60525.93 to 60525.94
#
60525.89342502  0.017919  0.000839  1.302239  0.060960
60525.89348314  0.018126  0.000915  1.317244  0.066520
60525.89354126  0.017548  0.000881  1.275215  0.064018
60525.89359938  0.016926  0.000813  1.230078  0.059079
60525.89365750  0.016661  0.000773  1.210755  0.056141
60525.89371562  0.016570  0.000775  1.204144  0.056331
60525.89377375  0.016779  0.000778  1.219362  0.056503
60525.89383187  0.018713  0.000802  1.359881  0.058247
60525.89388999  0.018126  0.000823  1.317264  0.059802
60525.89394811  0.018664  0.000851  1.356330  0.061845
60525.89400623  0.016667  0.000812  1.211198  0.058975
60525.89406435  0.019196  0.000777  1.395035  0.056489
60525.89412247  0.019198  0.000770  1.395126  0.055956
60525.89418059  0.019212  0.000715  1.396174  0.051946
60525.89423871  0.018557  0.000746  1.348539  0.054221
60525.89429683  0.018757  0.000727  1.363070  0.052841
60525.89435495  0.018724  0.000704  1.360699  0.051132
60525.89441307  0.018072  0.000782  1.313293  0.056836
60525.89447119  0.019296  0.000836  1.402294  0.060733
60525.89452931  0.018289  0.000766  1.329075  0.055667
60525.89458743  0.018885  0.000692  1.372396  0.050297
60525.89464555  0.019088  0.000769  1.387164  0.055920
60525.89470367  0.018775  0.000817  1.364423  0.059393
60525.89476179  0.019821  0.000818  1.440449  0.059441
60525.89481991  0.020800  0.000753  1.511599  0.054712
60525.89487803  0.019959  0.000836  1.450426  0.060755
60525.89493616  0.018992  0.000845  1.380200  0.061434
60525.89499428  0.018948  0.000861  1.376996  0.062551
60525.89505240  0.018878  0.000851  1.371929  0.061874
60525.89511052  0.020613  0.000859  1.498002  0.062414
60525.89516864  0.021016  0.000886  1.527287  0.064381
60525.89522676  0.019491  0.000835  1.416412  0.060645
60525.89528488  0.020649  0.000852  1.500605  0.061937
60525.89534300  0.020971  0.000869  1.523969  0.063130
60525.89540112  0.019748  0.000835  1.435113  0.060669
60525.89545924  0.020739  0.000800  1.507140  0.058150
60525.89551736  0.021821  0.000785  1.585808  0.057081
60525.89557548  0.022043  0.000820  1.601924  0.059586
60525.89563360  0.021332  0.000850  1.550202  0.061801
60525.89569172  0.020820  0.000822  1.513008  0.059766
60525.89574984  0.021756  0.000816  1.581062  0.059327
60525.89580796  0.021544  0.000862  1.565625  0.062674
60525.89586608  0.021792  0.000917  1.583699  0.066661
60525.89592420  0.021550  0.000883  1.566110  0.064157
60525.89598232  0.021043  0.000889  1.529230  0.064619
60525.89604044  0.022625  0.000964  1.644170  0.070043
60525.89609857  0.022414  0.000949  1.628872  0.068970
60525.89615669  0.021275  0.000950  1.546102  0.069019
60525.89621481  0.023253  0.000954  1.689826  0.069354
60525.89627293  0.023341  0.000953  1.696217  0.069256
60525.89633105  0.022221  0.000865  1.614823  0.062860
60525.89638917  0.023079  0.000860  1.677178  0.062532
60525.89644729  0.021853  0.000835  1.588130  0.060701
60525.89650541  0.023851  0.000829  1.733293  0.060273
60525.89656353  0.021307  0.000868  1.548450  0.063071
60525.89662165  0.023614  0.000817  1.716065  0.059394
60525.89667977  0.021773  0.000807  1.582283  0.058681
60525.89673789  0.022264  0.000779  1.617978  0.056624
60525.89679601  0.024105  0.000793  1.751758  0.057599
60525.89685413  0.023976  0.000840  1.742375  0.061038
60525.89691225  0.023541  0.000812  1.710773  0.059018
60525.89697037  0.023984  0.000821  1.742990  0.059666
60525.89702849  0.023887  0.000882  1.735882  0.064061
60525.89708661  0.023890  0.000914  1.736103  0.066400
60525.89714473  0.024576  0.000922  1.786018  0.067020
60525.89720285  0.023998  0.000914  1.743997  0.066395
60525.89726098  0.024892  0.000810  1.808930  0.058882
60525.89731910  0.022075  0.000805  1.604243  0.058496
60525.89737722  0.023992  0.000743  1.743546  0.053980
60525.89743534  0.024232  0.000749  1.760964  0.054436
60525.89749346  0.023853  0.000789  1.733448  0.057321
60525.89755158  0.024969  0.000825  1.814532  0.059986
60525.89760970  0.025517  0.000790  1.854387  0.057419
60525.89766782  0.025293  0.000799  1.838059  0.058101
60525.89772594  0.024834  0.000787  1.804707  0.057159
60525.89778406  0.025863  0.000843  1.879540  0.061260
60525.89784218  0.024507  0.000825  1.780953  0.059937
60525.89790030  0.025267  0.000853  1.836213  0.062023
60525.89795842  0.025732  0.000896  1.870027  0.065086
60525.89801654  0.026186  0.000873  1.903015  0.063433
60525.89807466  0.025321  0.000816  1.840140  0.059309
60525.89813278  0.024068  0.000814  1.749036  0.059173
60525.89819090  0.025899  0.000809  1.882164  0.058819
60525.89824902  0.027191  0.000885  1.975999  0.064292
60525.89830714  0.025677  0.000829  1.865992  0.060215
60525.89836526  0.026972  0.000889  1.960081  0.064577
60525.89842339  0.026992  0.000826  1.961591  0.060050
60525.90434247  0.031421  0.000924  2.283433  0.067133
60525.90440059  0.030221  0.000915  2.196189  0.066511
60525.90445871  0.030001  0.000940  2.180222  0.068306
60525.90451683  0.030586  0.001015  2.222738  0.073776
60525.90457495  0.029915  0.000996  2.173966  0.072378
60525.90463307  0.030524  0.001006  2.218247  0.073091
60525.90469119  0.029401  0.000996  2.136645  0.072402
60525.90474931  0.028765  0.001021  2.090438  0.074197
60525.90480743  0.026326  0.000999  1.913167  0.072576
60525.90486555  0.027402  0.000963  1.991389  0.069984
60525.90492367  0.028356  0.000957  2.060649  0.069518
60525.90498179  0.025347  0.001009  1.842020  0.073356
60525.90503991  0.026026  0.000924  1.891346  0.067160
60525.90509803  0.024890  0.000909  1.808778  0.066083
60525.90515615  0.025461  0.000949  1.850275  0.068945
60525.90521427  0.024970  0.000862  1.814631  0.062614
60525.90527239  0.026011  0.000869  1.890289  0.063140
60525.90533051  0.022828  0.000901  1.658939  0.065500
60525.90538863  0.024033  0.000847  1.746558  0.061556
60525.90544676  0.022235  0.000895  1.615828  0.065013
60525.90550488  0.022541  0.000935  1.638070  0.067926
60525.90556300  0.021734  0.000934  1.579418  0.067869
60525.90562112  0.021763  0.000959  1.581540  0.069678
60525.90567924  0.020651  0.000707  1.500720  0.051362
60525.90573736  0.020070  0.000632  1.458522  0.045942
60525.90579548  0.019112  0.000633  1.388902  0.045982
60525.90585360  0.020097  0.000660  1.460497  0.047963
60525.90591172  0.019253  0.000666  1.399182  0.048383
60525.90596984  0.019030  0.000620  1.382966  0.045086
60525.90602796  0.018401  0.000638  1.337255  0.046396
60525.90608608  0.018074  0.000641  1.313441  0.046597
60525.90614420  0.017831  0.000633  1.295835  0.046037
60525.90620232  0.017294  0.000639  1.256816  0.046409
60525.90626044  0.015301  0.000577  1.111919  0.041925
60525.90631856  0.016354  0.000554  1.188482  0.040267
60525.90637668  0.015982  0.000619  1.161405  0.044950
60525.90643480  0.016374  0.000631  1.189964  0.045892
60525.90649292  0.015128  0.000623  1.099382  0.045303
60525.90655104  0.014534  0.000602  1.056221  0.043723
60525.90660917  0.014091  0.000581  1.024054  0.042218
60525.90666729  0.014369  0.000608  1.044213  0.044164
60525.90672541  0.014157  0.000664  1.028839  0.048230
60525.90678353  0.013434  0.000622  0.976305  0.045220
60525.90684165  0.011684  0.000632  0.849099  0.045920
60525.90689977  0.011665  0.000605  0.847747  0.043968
60525.90695789  0.011448  0.000552  0.831935  0.040114
60525.90701601  0.012291  0.000576  0.893204  0.041858
60525.90707413  0.010775  0.000555  0.783017  0.040361
60525.90713225  0.012149  0.000534  0.882858  0.038785
60525.90719037  0.010298  0.000633  0.748395  0.046000
60525.90724849  0.009677  0.000761  0.703260  0.055287
60525.90730661  0.009495  0.000798  0.690028  0.057967
60525.90736473  0.009326  0.000753  0.677722  0.054711
60525.90742285  0.010723  0.000765  0.779266  0.055596
60525.90748097  0.010934  0.000737  0.794597  0.053576
60525.90753909  0.010990  0.000733  0.798655  0.053250
60525.90759721  0.010431  0.000746  0.758072  0.054240
60525.90765533  0.010293  0.000716  0.748030  0.052061
60525.90771345  0.010693  0.000571  0.777075  0.041502
60525.90777158  0.010857  0.000777  0.789024  0.056489
60525.90782970  0.010434  0.000849  0.758233  0.061691
60525.90788782  0.010149  0.000834  0.737580  0.060578
60525.90794594  0.010794  0.000783  0.784425  0.056924
60525.90800406  0.010173  0.000797  0.739284  0.057931
60525.90806218  0.010693  0.000777  0.777099  0.056475
60525.90812030  0.010234  0.000730  0.743743  0.053040
60525.90817842  0.010404  0.000764  0.756108  0.055522
60525.90823654  0.010048  0.000745  0.730176  0.054117
60525.90829466  0.009722  0.000727  0.706537  0.052853
60525.90835278  0.010467  0.000788  0.760633  0.057287
60525.90841090  0.010547  0.000815  0.766488  0.059244
60525.90846902  0.010892  0.000763  0.791511  0.055466
60525.90852714  0.008645  0.000788  0.628283  0.057296
60525.90858526  0.009949  0.000762  0.723002  0.055357
60525.90864338  0.010094  0.000688  0.733541  0.049972
60525.90870150  0.010572  0.000752  0.768268  0.054653
60525.90875962  0.009248  0.000751  0.672099  0.054563
60525.90881774  0.008771  0.000809  0.637385  0.058760
60525.90887586  0.010066  0.000781  0.731530  0.056783
60525.90893399  0.010878  0.000841  0.790515  0.061131
60525.90899211  0.009715  0.000827  0.706010  0.060095
60525.90905023  0.009911  0.000811  0.720265  0.058914
60525.90910835  0.010591  0.000831  0.769671  0.060355
60525.90916647  0.010759  0.000834  0.781882  0.060573
60525.90922459  0.011500  0.000839  0.835693  0.060984
60525.90928271  0.010087  0.000828  0.733069  0.060154
60525.90934083  0.010556  0.000778  0.767160  0.056563
60525.90939895  0.009799  0.000826  0.712097  0.060033
60525.90945707  0.010228  0.000744  0.743317  0.054091
60525.90951519  0.011053  0.000816  0.803251  0.059291
60525.90957331  0.009380  0.000833  0.681629  0.060526
60525.90963143  0.010473  0.000713  0.761081  0.051796
60525.90968955  0.009485  0.000623  0.689279  0.045298
60525.90974767  0.011175  0.000741  0.812116  0.053855
60525.90980579  0.011419  0.000702  0.829847  0.051006
60525.90986391  0.009495  0.000761  0.690043  0.055274
60525.90992203  0.011882  0.000752  0.863512  0.054671
60525.90998015  0.009895  0.000695  0.719074  0.050520
60525.91003827  0.010306  0.000676  0.748935  0.049097
60525.91009640  0.010283  0.000809  0.747306  0.058826
60525.91015452  0.010812  0.000720  0.785700  0.052312
60525.91021264  0.011723  0.000795  0.851908  0.057748
60525.91027076  0.010455  0.000862  0.759808  0.062643
60525.91032888  0.010503  0.000809  0.763243  0.058775
60525.91038700  0.010502  0.000736  0.763185  0.053492
60525.91044512  0.009179  0.000775  0.667025  0.056293
60525.91050324  0.010755  0.000799  0.781550  0.058093
60525.91056136  0.009950  0.000745  0.723053  0.054130
60525.91061948  0.010107  0.000735  0.734466  0.053409
60525.91067760  0.010399  0.000780  0.755716  0.056657
60525.91073572  0.011256  0.000769  0.817962  0.055903
60525.91079384  0.008952  0.000689  0.650548  0.050072
60525.91085196  0.010914  0.000793  0.793164  0.057635
60525.91091008  0.010004  0.000791  0.727032  0.057503
60525.91096820  0.010108  0.000849  0.734560  0.061690
60525.91102632  0.010601  0.000820  0.770366  0.059597
60525.91108444  0.010467  0.000811  0.760622  0.058919
60525.91114256  0.010359  0.000831  0.752802  0.060408
60525.91120068  0.011157  0.000809  0.810769  0.058824
60525.91125881  0.009477  0.000824  0.688693  0.059906
60525.91131693  0.010954  0.000858  0.796077  0.062383
60525.91137505  0.010513  0.000783  0.763982  0.056893
60525.91143317  0.010569  0.000780  0.768050  0.056694
60525.91149129  0.009145  0.000797  0.664613  0.057900
60525.91154941  0.011752  0.000779  0.854068  0.056618
60525.91160753  0.010576  0.000741  0.768611  0.053857
60525.91166565  0.010607  0.000652  0.770818  0.047402
60525.91172377  0.010615  0.000688  0.771436  0.049979
60525.91178189  0.008381  0.000711  0.609037  0.051697
60525.91184001  0.008857  0.000789  0.643621  0.057345
60525.91189813  0.010891  0.000791  0.791481  0.057482
60525.91195625  0.010694  0.000782  0.777158  0.056798
60525.91201437  0.010725  0.000722  0.779382  0.052474
60525.91207249  0.011604  0.000645  0.843299  0.046869
60525.91213061  0.011256  0.000779  0.817992  0.056642
60525.91218873  0.010275  0.000737  0.746698  0.053578
60525.91224685  0.009946  0.000779  0.722761  0.056608
60525.91230497  0.011173  0.000718  0.811929  0.052182
60525.91236309  0.011635  0.000781  0.845562  0.056737
60525.91242122  0.010692  0.000771  0.777019  0.056056
60525.91247934  0.010708  0.000728  0.778185  0.052891
60525.91253746  0.011165  0.000708  0.811417  0.051450
60525.91259558  0.013007  0.000796  0.945277  0.057817
60525.91265370  0.012434  0.000714  0.903603  0.051899
60525.91271182  0.013482  0.000725  0.979742  0.052652
60525.91276994  0.015060  0.000669  1.094460  0.048633
60525.91282806  0.014902  0.000631  1.082952  0.045889
60525.91288618  0.014953  0.000708  1.086648  0.051455
60525.91294430  0.015522  0.000715  1.128005  0.051986
60525.91300242  0.015926  0.000744  1.157383  0.054035
60525.91306054  0.016805  0.000811  1.221246  0.058932
60525.91311866  0.015966  0.000905  1.160256  0.065750
60525.91317678  0.016086  0.000845  1.169020  0.061389
60525.91323490  0.018670  0.000874  1.356799  0.063546
60525.91329302  0.017671  0.000861  1.284197  0.062579
60525.91335114  0.015901  0.000837  1.155543  0.060843
60525.91340926  0.017526  0.000807  1.273669  0.058639
60525.91346738  0.017674  0.000791  1.284386  0.057478
60525.91352550  0.018976  0.000742  1.379035  0.053948
60525.91358363  0.016639  0.000741  1.209152  0.053871
60525.91364175  0.016066  0.000789  1.167524  0.057374
60525.91369987  0.017572  0.000776  1.276953  0.056390
60525.91375799  0.016525  0.000729  1.200902  0.052946
60525.91381611  0.017229  0.000755  1.252034  0.054883
60525.91387423  0.017585  0.000763  1.277907  0.055428
60525.91393235  0.016838  0.000791  1.223641  0.057485
60525.91399047  0.016906  0.000729  1.228595  0.052944
60525.91404859  0.016295  0.000775  1.184191  0.056294
60525.91410671  0.015961  0.000792  1.159948  0.057558
60525.91416483  0.015018  0.000787  1.091373  0.057204
60525.91422295  0.015723  0.000759  1.142590  0.055169
60525.91428107  0.017727  0.000733  1.288235  0.053299
60525.91433919  0.017486  0.000817  1.270714  0.059402
60525.91439731  0.016515  0.000705  1.200147  0.051244
60525.91445543  0.015182  0.000744  1.103276  0.054087
60525.91451355  0.014086  0.000885  1.023636  0.064313
60525.91457167  0.016412  0.000818  1.192701  0.059453
60525.91462979  0.015682  0.000771  1.139609  0.056031
60525.91468792  0.015426  0.000794  1.121037  0.057703
60525.91474604  0.014566  0.000758  1.058517  0.055099
60525.91480416  0.015721  0.000752  1.142479  0.054619
60525.91486228  0.015485  0.000746  1.125304  0.054248
60525.91492040  0.015138  0.000681  1.100127  0.049507
60525.91497852  0.013860  0.000670  1.007197  0.048713
60525.91503664  0.014499  0.000732  1.053683  0.053186
60525.91509476  0.015825  0.000709  1.150024  0.051498
60525.91515288  0.015531  0.000756  1.128691  0.054961
60525.91521100  0.016547  0.000754  1.202500  0.054797
60525.91526912  0.014843  0.000812  1.078660  0.059030
60525.91532724  0.014356  0.000773  1.043280  0.056185
60525.91538536  0.015071  0.000824  1.095245  0.059851
60525.91544348  0.015528  0.000846  1.128464  0.061492
60525.91550160  0.013967  0.000858  1.015027  0.062339
60525.91555972  0.014524  0.000811  1.055492  0.058966
60525.91561784  0.014365  0.000887  1.043933  0.064438
60525.91567596  0.014564  0.000824  1.058396  0.059906
60525.91573408  0.012180  0.000803  0.885142  0.058337
60525.91579220  0.013735  0.000823  0.998150  0.059787
60525.91585033  0.014020  0.000796  1.018882  0.057842
60525.91590845  0.015130  0.000789  1.099547  0.057369
60525.91596657  0.013175  0.000840  0.957459  0.061014
60525.91602469  0.014327  0.000878  1.041150  0.063818
60525.91608281  0.012622  0.000881  0.917259  0.064020
60525.91614093  0.014495  0.000810  1.053361  0.058867
60525.91619905  0.014124  0.000800  1.026452  0.058122
60525.91625717  0.015299  0.000802  1.111805  0.058282
60525.91631529  0.014811  0.000828  1.076340  0.060150
60525.91637341  0.013933  0.000800  1.012565  0.058172
60525.91643153  0.013048  0.000704  0.948203  0.051171
60525.91648965  0.014473  0.000765  1.051792  0.055608
60525.91654777  0.013406  0.000674  0.974270  0.048996
60525.91660589  0.012873  0.000720  0.935537  0.052355
60525.91666401  0.013197  0.000757  0.959064  0.054981
60525.91672213  0.012878  0.000781  0.935853  0.056764
60525.91678025  0.013230  0.000817  0.961459  0.059398
60525.91683837  0.014757  0.000739  1.072432  0.053691
60525.91689649  0.013154  0.000719  0.955926  0.052224
60525.91695461  0.012913  0.000702  0.938410  0.051044
60525.91701274  0.012905  0.000742  0.937852  0.053894
60525.91707086  0.012890  0.000748  0.936754  0.054383
60525.91712898  0.012134  0.000750  0.881774  0.054519
60525.91718710  0.015035  0.000857  1.092629  0.062258
60525.91724522  0.012969  0.000781  0.942445  0.056748
60525.91730334  0.014317  0.000752  1.040420  0.054678
60525.91736146  0.015073  0.000763  1.095371  0.055419
60525.91741958  0.012731  0.000810  0.925167  0.058896
60525.91747770  0.011589  0.000822  0.842224  0.059705
60525.91753582  0.012768  0.000865  0.927856  0.062886
60525.91759394  0.013638  0.000809  0.991103  0.058773
60525.91765206  0.013829  0.000811  1.004970  0.058906
60525.91771018  0.011824  0.000812  0.859255  0.058999
60525.91776830  0.012598  0.000766  0.915540  0.055699
60525.91782642  0.013443  0.000822  0.976895  0.059732
60525.91788454  0.013787  0.000796  1.001962  0.057847
60525.91794266  0.012660  0.000756  0.920029  0.054958
60525.91800078  0.013133  0.000803  0.954380  0.058385
60525.91805890  0.012845  0.000822  0.933445  0.059752
60525.91811702  0.012653  0.000804  0.919484  0.058412
60525.91817515  0.013252  0.000798  0.963033  0.058009
60525.91823327  0.014124  0.000809  1.026437  0.058796
60525.91829139  0.012200  0.000725  0.886595  0.052714
60525.91834951  0.013529  0.000679  0.983174  0.049308
60525.91840763  0.012002  0.000729  0.872200  0.052979
60525.91846575  0.012871  0.000750  0.935347  0.054537
60525.91852387  0.012185  0.000718  0.885534  0.052146
60525.91858199  0.011713  0.000725  0.851205  0.052673
60525.91864011  0.013230  0.000727  0.961481  0.052863
60525.91869823  0.012708  0.000734  0.923522  0.053372
60525.91875635  0.012224  0.000726  0.888357  0.052763
60525.91881447  0.011966  0.000680  0.869617  0.049415
60525.91887259  0.012197  0.000699  0.886394  0.050795
60525.91893071  0.011820  0.000678  0.858969  0.049264
60525.91898883  0.012035  0.000709  0.874597  0.051559
60525.91904695  0.012111  0.000829  0.880114  0.060269
60525.91910507  0.012551  0.000793  0.912106  0.057655
60525.91916319  0.010903  0.000742  0.792317  0.053942
60525.91922131  0.011356  0.000789  0.825241  0.057324
60525.91927943  0.010610  0.000822  0.771039  0.059763
60525.91933756  0.013518  0.000819  0.982394  0.059504
60525.91939568  0.012053  0.000800  0.875902  0.058137
60525.91945380  0.011896  0.000768  0.864510  0.055792
60525.91951192  0.012405  0.000785  0.901514  0.057033
60525.91957004  0.012866  0.000759  0.935001  0.055123
60525.91962816  0.013327  0.000828  0.968463  0.060195
60525.91968628  0.010561  0.000717  0.767521  0.052091
60525.91974440  0.011876  0.000704  0.863050  0.051165
60525.91980252  0.012817  0.000718  0.931450  0.052155
60525.91986064  0.011526  0.000726  0.837627  0.052756
60525.91991876  0.010043  0.000777  0.729820  0.056498
60525.91997688  0.012048  0.000756  0.875538  0.054975
60525.92003500  0.012029  0.000676  0.874160  0.049140
60525.92009312  0.012073  0.000660  0.877350  0.047973
60525.92015124  0.011746  0.000640  0.853625  0.046511
60525.92020936  0.011146  0.000653  0.810008  0.047478
60525.92026748  0.011922  0.000669  0.866392  0.048651
60525.92032560  0.012083  0.000661  0.878082  0.048056
60525.92038372  0.012596  0.000694  0.915353  0.050437
60525.92044184  0.011672  0.000695  0.848259  0.050495
60525.92049997  0.012578  0.000691  0.914047  0.050238
60525.92055809  0.012034  0.000697  0.874521  0.050680
60525.92061621  0.011032  0.000674  0.801727  0.048966
60525.92067433  0.010542  0.000675  0.766141  0.049066
60525.92073245  0.011098  0.000666  0.806488  0.048430
60525.92079057  0.011660  0.000681  0.847345  0.049508
60525.92084869  0.010491  0.000651  0.762377  0.047322
60525.92090681  0.010337  0.000693  0.751230  0.050343
60525.92096493  0.011675  0.000695  0.848447  0.050511
60525.92102305  0.010379  0.000590  0.754285  0.042907
60525.92108117  0.011473  0.000637  0.833776  0.046266
60525.92113929  0.010806  0.000662  0.785287  0.048135
60525.92119741  0.010633  0.000675  0.772711  0.049044
60525.92125553  0.011859  0.000710  0.861781  0.051561
60525.92131365  0.010408  0.000696  0.756389  0.050584
60525.92137177  0.010253  0.000726  0.745075  0.052735
60525.92142989  0.011249  0.000777  0.817494  0.056438
60525.92148801  0.011180  0.000762  0.812436  0.055342
60525.92154613  0.010135  0.000846  0.736521  0.061475
60525.92160425  0.010844  0.000900  0.788030  0.065385
60525.92166238  0.012094  0.000816  0.878878  0.059331
60525.92172050  0.010388  0.000822  0.754928  0.059704
60525.92177862  0.011311  0.000795  0.822001  0.057748
60525.92183674  0.010160  0.000725  0.738332  0.052708
60525.92189486  0.010990  0.000714  0.798683  0.051875
60525.92195298  0.010182  0.000665  0.739958  0.048311
60525.92201110  0.011893  0.000664  0.864267  0.048234
60525.92206922  0.009975  0.000684  0.724934  0.049688
60525.92212734  0.010889  0.000675  0.791304  0.049050
60525.92218546  0.010797  0.000683  0.784620  0.049624
60525.92224358  0.009798  0.000636  0.712074  0.046227
60525.92230170  0.011084  0.000672  0.805475  0.048805
60525.92235982  0.011663  0.000643  0.847586  0.046755
60525.92241794  0.009384  0.000655  0.681932  0.047608
60525.92247606  0.010501  0.000652  0.763151  0.047347
60525.92253418  0.010888  0.000718  0.791221  0.052212
60525.92259230  0.010769  0.000642  0.782612  0.046676
60525.92265042  0.011178  0.000680  0.812301  0.049434
60525.92270854  0.009315  0.000684  0.676937  0.049736
60525.92276666  0.011224  0.000678  0.815661  0.049295
60525.92282479  0.010608  0.000649  0.770939  0.047188
60525.92288291  0.010467  0.000660  0.760680  0.047942
60525.92294103  0.011162  0.000717  0.811184  0.052075
60525.92299915  0.010835  0.000696  0.787420  0.050560
60525.92305727  0.011527  0.000758  0.837667  0.055076
60525.92311539  0.011053  0.000708  0.803256  0.051425
60525.92317351  0.011165  0.000668  0.811362  0.048558
60525.92323163  0.011318  0.000626  0.822477  0.045509
60525.92328975  0.010665  0.000694  0.775038  0.050449
60525.92334787  0.009678  0.000781  0.703351  0.056775
60525.92340599  0.011423  0.000718  0.830126  0.052146
60525.92346411  0.010899  0.000752  0.792082  0.054613
60525.92352223  0.011348  0.000723  0.824676  0.052562
60525.92358035  0.010935  0.000764  0.794685  0.055499
60525.92363847  0.010447  0.000711  0.759234  0.051702
60525.92369659  0.010683  0.000717  0.776384  0.052080
60525.92375471  0.010156  0.000728  0.738022  0.052919
60525.92381283  0.010595  0.000718  0.769973  0.052169
60525.92387095  0.010112  0.000805  0.734862  0.058472
60525.92392907  0.011009  0.000817  0.800038  0.059387
60525.92398720  0.012386  0.000737  0.900123  0.053584
60525.92404532  0.011715  0.000762  0.851371  0.055392
60525.92410344  0.010285  0.000788  0.747462  0.057292
60525.92416156  0.011521  0.000830  0.837261  0.060306
60525.92421968  0.010027  0.000806  0.728695  0.058585
60525.92427780  0.010845  0.000854  0.788142  0.062065
60525.92433592  0.010477  0.000737  0.761350  0.053558
60525.92439404  0.011184  0.000774  0.812797  0.056237
60525.92445216  0.010458  0.000733  0.760007  0.053253
60525.92451028  0.010466  0.000785  0.760579  0.057017
60525.92456840  0.011544  0.000750  0.838926  0.054484
60525.92462652  0.010618  0.000718  0.771626  0.052212
60525.92468464  0.011499  0.000715  0.835648  0.051983
60525.92474276  0.011567  0.000753  0.840568  0.054721
60525.92480088  0.011275  0.000652  0.819398  0.047397
60525.92485900  0.011567  0.000621  0.840565  0.045163
60525.92491712  0.011462  0.000677  0.832976  0.049227
60525.92497524  0.011454  0.000665  0.832401  0.048359
60525.92503336  0.011465  0.000630  0.833216  0.045809
60525.92509148  0.011494  0.000597  0.835275  0.043410
60525.92514961  0.012079  0.000649  0.877781  0.047151
60525.92520773  0.010971  0.000591  0.797273  0.042926
60525.92526585  0.012051  0.000611  0.875762  0.044432
60525.92532397  0.011206  0.000607  0.814392  0.044085
60525.92538209  0.010945  0.000632  0.795371  0.045915
60525.92544021  0.011543  0.000629  0.838817  0.045704
60525.92549833  0.011206  0.000657  0.814384  0.047766
60525.92555645  0.010039  0.000682  0.729541  0.049528
60525.92561457  0.010873  0.000706  0.790147  0.051338
60525.92567269  0.012920  0.000722  0.938926  0.052446
60525.92573081  0.011230  0.000701  0.816128  0.050969
60525.92578893  0.011132  0.000669  0.808995  0.048585
60525.92584705  0.011864  0.000718  0.862148  0.052169
60525.92590517  0.011549  0.000762  0.839309  0.055395
60525.92596329  0.011157  0.000713  0.810806  0.051798
60525.92602141  0.011526  0.000759  0.837648  0.055142
60525.92607953  0.011703  0.000783  0.850487  0.056891
60525.92613765  0.012077  0.000756  0.877662  0.054971
60525.92619577  0.010962  0.000775  0.796659  0.056310
60525.92625389  0.010422  0.000719  0.757401  0.052264
60525.92631202  0.011064  0.000702  0.804048  0.051036
60525.92637014  0.011572  0.000641  0.840940  0.046591
60525.92642826  0.010545  0.000694  0.766336  0.050401
60525.92648638  0.009988  0.000685  0.725849  0.049759
60525.92654450  0.011322  0.000736  0.822765  0.053472
60525.92660262  0.011285  0.000701  0.820129  0.050946
60525.92666074  0.011725  0.000696  0.852106  0.050574
60525.92671886  0.012351  0.000645  0.897543  0.046866
60525.92677698  0.011092  0.000703  0.806083  0.051096
60525.92683510  0.011858  0.000740  0.861744  0.053767
60525.92689322  0.012197  0.000686  0.886398  0.049879
60525.92695134  0.010424  0.000694  0.757536  0.050440
60525.92700946  0.010815  0.000692  0.785971  0.050316
60525.92706758  0.011235  0.000634  0.816496  0.046053
60525.92712570  0.010785  0.000627  0.783768  0.045572
60525.92718382  0.010655  0.000692  0.774347  0.050298
60525.92724194  0.010746  0.000688  0.780911  0.049968
60525.92730006  0.010206  0.000648  0.741676  0.047089
60525.92735818  0.010624  0.000643  0.772060  0.046712
60525.92741631  0.010900  0.000646  0.792104  0.046964
60525.92747443  0.010439  0.000671  0.758637  0.048750
60525.92753255  0.010660  0.000638  0.774695  0.046366
60525.92759067  0.011436  0.000652  0.831066  0.047377
60525.92764879  0.010683  0.000656  0.776372  0.047657
60525.92770691  0.010526  0.000698  0.764965  0.050724
60525.92776503  0.009908  0.000671  0.720069  0.048786
60525.92782315  0.010814  0.000657  0.785909  0.047737
60525.92788127  0.010433  0.000676  0.758196  0.049129
60525.92793939  0.011350  0.000606  0.824830  0.044023
60525.92799751  0.011850  0.000651  0.861143  0.047308
60525.92805563  0.011074  0.000672  0.804770  0.048811
60525.92811375  0.010273  0.000662  0.746566  0.048139
60525.92817187  0.009487  0.000659  0.689462  0.047872
60525.92822999  0.010228  0.000668  0.743282  0.048553
60525.92828811  0.010848  0.000625  0.788373  0.045407
60525.92834623  0.011050  0.000661  0.802996  0.048043
60525.92840435  0.009907  0.000670  0.719949  0.048681
60525.92846247  0.009854  0.000675  0.716102  0.049073
60525.92852059  0.010590  0.000674  0.769598  0.048960
60525.92857872  0.008700  0.000673  0.632235  0.048941
60525.92863684  0.010296  0.000668  0.748245  0.048565
60525.92869496  0.010582  0.000671  0.768997  0.048796
60525.92875308  0.011415  0.000723  0.829584  0.052562
60525.92881120  0.010081  0.000672  0.732591  0.048832
60525.92886932  0.011025  0.000665  0.801220  0.048324
60525.92892744  0.011527  0.000722  0.837688  0.052487
60525.92898556  0.010026  0.000711  0.728611  0.051657
60525.92904368  0.010223  0.000677  0.742934  0.049177
60525.92910180  0.010801  0.000688  0.784903  0.049984
60525.92915992  0.010736  0.000753  0.780183  0.054744
60525.92921804  0.010433  0.000658  0.758182  0.047835
60525.92927616  0.010293  0.000689  0.747992  0.050055
60525.92933428  0.010184  0.000697  0.740056  0.050642
60525.92939240  0.010416  0.000649  0.756975  0.047155
60525.92945052  0.010129  0.000688  0.736093  0.049989
60525.92950864  0.010150  0.000681  0.737597  0.049500
60525.92956676  0.010765  0.000615  0.782304  0.044721
60525.92962488  0.010292  0.000655  0.747945  0.047633
60525.92968300  0.010490  0.000692  0.762336  0.050270
60525.92974113  0.010116  0.000648  0.735166  0.047068
60525.92979925  0.010694  0.000704  0.777174  0.051173
60525.92985737  0.009488  0.000688  0.689519  0.050003
60525.92991549  0.010745  0.000680  0.780882  0.049426
60525.92997361  0.009936  0.000643  0.722039  0.046699
60525.94307978  0.022701  0.000685  1.649754  0.049767
60525.94313790  0.022912  0.000709  1.665038  0.051532
60525.94319602  0.023451  0.000696  1.704237  0.050614
60525.94325415  0.022281  0.000715  1.619208  0.051989
60525.94331227  0.022975  0.000698  1.669642  0.050717
60525.94337039  0.023806  0.000702  1.729994  0.050989
60525.94342851  0.023785  0.000674  1.728507  0.048984
60525.94348663  0.024527  0.000665  1.782420  0.048320
60525.94354475  0.023736  0.000710  1.724920  0.051578
60525.94360287  0.023120  0.000690  1.680151  0.050153
60525.94366099  0.023190  0.000683  1.685225  0.049659
60525.94371911  0.023641  0.000715  1.718033  0.051930
60525.94377723  0.024796  0.000747  1.801974  0.054299
60525.94383535  0.024626  0.000722  1.789621  0.052468
60525.94389347  0.024621  0.000712  1.789234  0.051748
60525.94395159  0.024177  0.000728  1.756975  0.052932
60525.94400971  0.024835  0.000707  1.804824  0.051392
60525.94406783  0.023761  0.000737  1.726747  0.053540
60525.94412595  0.024669  0.000717  1.792712  0.052131
60525.94418407  0.025144  0.000719  1.827277  0.052237
60525.94424219  0.025688  0.000768  1.866798  0.055845
60525.94430031  0.025353  0.000701  1.842441  0.050908
60525.94435843  0.024720  0.000708  1.796436  0.051487
60525.94441656  0.023578  0.000716  1.713449  0.052052
60525.94447468  0.024167  0.000765  1.756239  0.055597
60525.94453280  0.024032  0.000729  1.746436  0.052976
60525.94459092  0.025645  0.000776  1.863663  0.056385
60525.94464904  0.025502  0.000734  1.853309  0.053355
60525.94470716  0.026174  0.000763  1.902109  0.055431
60525.94476528  0.024806  0.000710  1.802696  0.051615
60525.94482340  0.024817  0.000739  1.803524  0.053722
60525.94488152  0.026028  0.000707  1.891531  0.051391
60525.94493964  0.026369  0.000760  1.916318  0.055231
60525.94499776  0.028061  0.000737  2.039217  0.053593
60525.94505588  0.025798  0.000694  1.874819  0.050426
60525.94511400  0.026915  0.000722  1.955977  0.052486
60525.94517212  0.025786  0.000715  1.873882  0.051955
60525.94523024  0.025609  0.000730  1.861088  0.053042
60525.94528836  0.026604  0.000692  1.933386  0.050272
60525.94534648  0.027203  0.000729  1.976893  0.053012
60525.94540460  0.026863  0.000704  1.952182  0.051193
60525.94546272  0.026636  0.000693  1.935671  0.050357
60525.94552085  0.026914  0.000754  1.955883  0.054802
60525.94557897  0.026446  0.000738  1.921893  0.053645
60525.94563709  0.026719  0.000695  1.941686  0.050473
60525.94569521  0.027904  0.000749  2.027805  0.054463
60525.94575333  0.028776  0.000700  2.091197  0.050847
60525.94581145  0.028170  0.000680  2.047152  0.049416
60525.94586957  0.027860  0.000708  2.024643  0.051437
60525.94592769  0.028084  0.000676  2.040911  0.049116
60525.94598581  0.028018  0.000714  2.036108  0.051857
60525.94604393  0.027944  0.000703  2.030772  0.051124
60525.94610205  0.027903  0.000746  2.027726  0.054235
60525.94616017  0.028948  0.000752  2.103704  0.054653
60525.94621829  0.027382  0.000725  1.989912  0.052685
60525.94627641  0.028817  0.000751  2.094149  0.054554
60525.94633453  0.028075  0.000709  2.040245  0.051490
60525.94639265  0.029075  0.000686  2.112935  0.049831
60525.94645077  0.027828  0.000700  2.022342  0.050893
60525.94650889  0.027629  0.000714  2.007869  0.051874
60525.94656701  0.030119  0.000765  2.188794  0.055575
60525.94662513  0.029614  0.000725  2.152118  0.052693
60525.94668326  0.030143  0.000700  2.190557  0.050894
60525.94674138  0.029257  0.000768  2.126162  0.055847
60525.94679950  0.028561  0.000773  2.075595  0.056203
60525.94685762  0.029985  0.000778  2.179100  0.056535
60525.94691574  0.029202  0.000816  2.122167  0.059277
60525.94697386  0.028867  0.000795  2.097831  0.057799
60525.94703198  0.029954  0.000758  2.176838  0.055108
60525.94709010  0.029350  0.000710  2.132886  0.051621
60525.94714822  0.029431  0.000713  2.138827  0.051831
60525.94720634  0.029111  0.000719  2.115537  0.052270
60525.94726446  0.030628  0.000693  2.225779  0.050362
60525.94732258  0.029954  0.000706  2.176797  0.051321
60525.94738070  0.031003  0.000691  2.253027  0.050228
60525.94743882  0.030121  0.000706  2.188949  0.051307
60525.94749694  0.029483  0.000660  2.142570  0.047983
60525.94755506  0.029414  0.000649  2.137569  0.047161
60525.94761318  0.030841  0.000718  2.241299  0.052165
60525.94767130  0.029386  0.000720  2.135561  0.052317
60525.94772942  0.031727  0.000736  2.305686  0.053501
60525.94778754  0.029475  0.000734  2.141979  0.053314
60525.94784567  0.031301  0.000701  2.274694  0.050943
60525.94790379  0.030255  0.000725  2.198722  0.052717
60525.94796191  0.029847  0.000722  2.169008  0.052499
60525.94802003  0.029528  0.000721  2.145876  0.052414
60525.94807815  0.031242  0.000697  2.270426  0.050681
60525.94813627  0.030033  0.000668  2.182559  0.048569
60525.94819439  0.031602  0.000705  2.296546  0.051210
60525.94825251  0.030419  0.000678  2.210590  0.049239
60525.94831063  0.031339  0.000700  2.277467  0.050872
60525.94836875  0.030863  0.000757  2.242843  0.055033
60525.94842687  0.031348  0.000757  2.278145  0.055044
60525.94848499  0.031208  0.000695  2.267960  0.050535
60525.94854311  0.030540  0.000668  2.219363  0.048526
60525.94860123  0.031408  0.000680  2.282493  0.049408
60525.94865935  0.031277  0.000728  2.272941  0.052919
60525.94871747  0.031118  0.000687  2.261428  0.049956
60525.94877559  0.031438  0.000684  2.284628  0.049701
60525.94883371  0.030902  0.000669  2.245693  0.048650
60525.94889183  0.030913  0.000672  2.246490  0.048819
60525.94894995  0.030720  0.000664  2.232481  0.048265
60525.94900808  0.032090  0.000686  2.332030  0.049821
60525.94906620  0.030710  0.000686  2.231774  0.049864
60525.94912432  0.030644  0.000680  2.226951  0.049422
60525.94918244  0.031427  0.000701  2.283855  0.050966
60525.94924056  0.032237  0.000721  2.342720  0.052381
60525.94929868  0.032026  0.000700  2.327400  0.050883
60525.94935680  0.031392  0.000720  2.281326  0.052288
60525.94941492  0.031246  0.000673  2.270680  0.048882
60525.94947304  0.032110  0.000669  2.333474  0.048611
60525.94953116  0.030874  0.000680  2.243649  0.049398
60525.94958928  0.031654  0.000684  2.300359  0.049704
60525.94964740  0.030580  0.000700  2.222331  0.050889
60525.94970552  0.031656  0.000716  2.300497  0.052014
60525.94976364  0.032417  0.000703  2.355790  0.051083
60525.94982176  0.031712  0.000680  2.304585  0.049394
60525.94987988  0.031361  0.000669  2.279064  0.048611
60525.94993800  0.031090  0.000667  2.259335  0.048467
60525.94999612  0.030964  0.000700  2.250209  0.050903
60525.95005424  0.031712  0.000645  2.304556  0.046841
60525.95011236  0.032095  0.000665  2.332369  0.048315
60525.95017049  0.032117  0.000687  2.334028  0.049961
60525.95022861  0.029978  0.000691  2.178571  0.050202
60525.95028673  0.031372  0.000701  2.279872  0.050936
60525.95034485  0.030601  0.000666  2.223808  0.048390
60525.95040297  0.032549  0.000682  2.365377  0.049581
60525.95046109  0.031294  0.000698  2.274194  0.050703
60525.95051921  0.030952  0.000651  2.249359  0.047292
60525.95057733  0.031188  0.000642  2.266454  0.046636
60525.95063545  0.032351  0.000695  2.351038  0.050508
60525.95069357  0.031311  0.000705  2.275393  0.051227
60525.95075169  0.031682  0.000745  2.302415  0.054131
60525.95080981  0.030998  0.000723  2.252716  0.052559
60525.95086793  0.030636  0.000665  2.226401  0.048325
60525.95092605  0.032063  0.000669  2.330061  0.048581
60525.95098417  0.030278  0.000671  2.200389  0.048741
60525.95104229  0.029908  0.000699  2.173443  0.050763
60525.95110041  0.030493  0.000669  2.215951  0.048635
60525.95115853  0.030958  0.000693  2.249795  0.050360
60525.95121665  0.029885  0.000684  2.171829  0.049700
60525.95127477  0.029869  0.000678  2.170665  0.049260
60525.95133290  0.029026  0.000689  2.109393  0.050080
60525.95139102  0.028907  0.000674  2.100718  0.048957
60525.95144914  0.028208  0.000705  2.049934  0.051245
60525.95150726  0.027520  0.000681  1.999905  0.049517
60525.95156538  0.026766  0.000664  1.945101  0.048279
60525.95162350  0.025272  0.000657  1.836563  0.047747
60525.95168162  0.025073  0.000687  1.822120  0.049941
60525.95173974  0.025202  0.000706  1.831454  0.051281
60525.95179786  0.023765  0.000656  1.727025  0.047695
60525.95185598  0.024971  0.000691  1.814696  0.050203
60525.95191410  0.025012  0.000684  1.817670  0.049677
60525.95197222  0.024013  0.000665  1.745099  0.048333
60525.95203034  0.023451  0.000638  1.704221  0.046363
60525.95208846  0.022764  0.000675  1.654303  0.049033
60525.95214658  0.022101  0.000687  1.606088  0.049921
60525.95220470  0.021315  0.000705  1.549008  0.051247
60525.95226282  0.020917  0.000649  1.520059  0.047162
60525.95232094  0.020841  0.000680  1.514564  0.049437
60525.95237906  0.019874  0.000675  1.444246  0.049089
60525.95243718  0.019581  0.000638  1.422996  0.046382
60525.95249531  0.018968  0.000628  1.378417  0.045610
60525.95255343  0.019080  0.000631  1.386544  0.045827
60525.95261155  0.018825  0.000640  1.368056  0.046529
60525.95266967  0.017251  0.000658  1.253635  0.047820
60525.95272779  0.016632  0.000641  1.208667  0.046594
60525.95278591  0.016058  0.000678  1.166930  0.049260
60525.95284403  0.016053  0.000664  1.166572  0.048273
60525.95290215  0.016804  0.000661  1.221143  0.048049
60525.95296027  0.015162  0.000668  1.101867  0.048535
60525.95301839  0.014943  0.000675  1.085971  0.049079
60525.95307651  0.014973  0.000668  1.088135  0.048581
60525.95313463  0.014933  0.000658  1.085232  0.047790
60525.95319275  0.015343  0.000654  1.115020  0.047535
60525.95325087  0.015519  0.000707  1.127814  0.051346
60525.95330899  0.012926  0.000663  0.939338  0.048217
60525.95336711  0.012796  0.000648  0.929877  0.047101
60525.95342523  0.013169  0.000650  0.957045  0.047218
60525.95348335  0.011404  0.000633  0.828785  0.046018
60525.95354147  0.011890  0.000626  0.864083  0.045476
60525.95359959  0.012230  0.000631  0.888805  0.045851
60525.95365772  0.012116  0.000624  0.880526  0.045324
60525.95371584  0.010292  0.000657  0.747904  0.047724
60525.95377396  0.011432  0.000617  0.830815  0.044864
60525.95383208  0.011613  0.000608  0.843923  0.044180
60525.95389020  0.011173  0.000635  0.811935  0.046159
60525.95394832  0.010193  0.000619  0.740768  0.045011
60525.95400644  0.010264  0.000623  0.745894  0.045261
60525.95406456  0.009639  0.000589  0.700486  0.042817
60525.95412268  0.009621  0.000601  0.699207  0.043694
60525.95418080  0.010759  0.000604  0.781883  0.043930
60525.95423892  0.010045  0.000632  0.730018  0.045952
60525.95429704  0.010937  0.000628  0.794795  0.045657
60525.95435516  0.010161  0.000622  0.738427  0.045181
60525.95441328  0.010720  0.000617  0.779055  0.044842
60525.95447140  0.009740  0.000633  0.707839  0.045997
60525.95452952  0.011806  0.000670  0.857930  0.048678
60525.95458764  0.010570  0.000621  0.768108  0.045102
60525.95464576  0.010096  0.000602  0.733685  0.043769
60525.95470388  0.011829  0.000640  0.859663  0.046508
60525.95476200  0.010800  0.000666  0.784868  0.048390
60525.95482013  0.010568  0.000654  0.768025  0.047501
60525.95487825  0.010829  0.000633  0.786933  0.046004
60525.95493637  0.010852  0.000642  0.788609  0.046649
60525.95499449  0.010650  0.000664  0.773959  0.048260
60525.95505261  0.009844  0.000615  0.715380  0.044719
60525.95511073  0.011210  0.000644  0.814679  0.046765
60525.95516885  0.009748  0.000616  0.708405  0.044778
60525.95522697  0.010854  0.000660  0.788755  0.047988
60525.95528509  0.009975  0.000654  0.724922  0.047554
60525.95534321  0.010763  0.000654  0.782142  0.047555
60525.95540133  0.009821  0.000689  0.713727  0.050106
60525.95545945  0.011794  0.000672  0.857110  0.048837
60525.95551757  0.009751  0.000677  0.708636  0.049181
60525.95557569  0.010108  0.000643  0.734566  0.046748
60525.95563381  0.011070  0.000653  0.804496  0.047471
60525.95569193  0.010009  0.000675  0.727375  0.049083
60525.95575005  0.010418  0.000636  0.757125  0.046197
60525.95580817  0.010125  0.000645  0.735832  0.046905
60525.95586629  0.009719  0.000665  0.706294  0.048358
60525.95592442  0.010239  0.000703  0.744092  0.051062
60525.95598254  0.009768  0.000680  0.709878  0.049396
60525.95604066  0.010692  0.000666  0.777020  0.048420
60525.95609878  0.010449  0.000671  0.759360  0.048773
60525.95615690  0.011563  0.000632  0.840322  0.045962
60525.95621502  0.010125  0.000675  0.735837  0.049085
60525.95627314  0.010749  0.000658  0.781115  0.047809
60525.95633126  0.011887  0.000717  0.863861  0.052105
60525.95638938  0.009205  0.000700  0.668977  0.050870
60525.95644750  0.010651  0.000649  0.774003  0.047141
60525.95650562  0.010267  0.000635  0.746104  0.046164
60525.95656374  0.010957  0.000643  0.796300  0.046701
60525.95662186  0.010676  0.000622  0.775839  0.045176
60525.95667998  0.009416  0.000620  0.684275  0.045085
60525.95673810  0.010954  0.000593  0.796035  0.043065
60525.95679622  0.010000  0.000593  0.726686  0.043060
60525.95685434  0.010538  0.000633  0.765809  0.046010
60525.95691246  0.009854  0.000613  0.716144  0.044524
60525.95697058  0.010267  0.000629  0.746136  0.045726
60525.95702870  0.009540  0.000610  0.693305  0.044306
60525.95708683  0.009502  0.000639  0.690507  0.046461
60525.95714495  0.010244  0.000631  0.744479  0.045866
60525.95720307  0.009971  0.000643  0.724592  0.046719
60525.95726119  0.010839  0.000642  0.787701  0.046649
60525.95731931  0.010718  0.000643  0.778881  0.046750
60525.95737743  0.009539  0.000651  0.693196  0.047300
60525.95743555  0.011385  0.000661  0.827386  0.048026
60525.95749367  0.009602  0.000696  0.697812  0.050552
60525.95755179  0.011498  0.000689  0.835562  0.050073
60525.95760991  0.010664  0.000681  0.774958  0.049524
60525.95766803  0.009210  0.000656  0.669339  0.047700
60525.95772615  0.010793  0.000694  0.784378  0.050413
60525.95778427  0.010604  0.000660  0.770598  0.047967
60525.95784239  0.010873  0.000679  0.790141  0.049320
60525.95790051  0.011092  0.000670  0.806095  0.048685
60525.95795863  0.009933  0.000702  0.721885  0.050993
60525.95801675  0.010753  0.000692  0.781457  0.050278
60525.95807487  0.010452  0.000607  0.759584  0.044124
60525.95813299  0.010048  0.000633  0.730239  0.045982
60525.95819111  0.010985  0.000679  0.798264  0.049380
60525.95824924  0.010426  0.000671  0.757697  0.048768
60525.95830736  0.010997  0.000662  0.799182  0.048137
60525.95836548  0.010493  0.000647  0.762553  0.047036
60525.95842360  0.010631  0.000722  0.772593  0.052439
60525.95848172  0.011121  0.000685  0.808187  0.049806
60525.95853984  0.011130  0.000716  0.808830  0.052021
60525.95859796  0.010300  0.000693  0.748554  0.050351
60525.95865608  0.009564  0.000676  0.695063  0.049123
60525.95871420  0.011239  0.000708  0.816752  0.051466
60525.95877232  0.010277  0.000656  0.746880  0.047664
60525.95883044  0.011456  0.000672  0.832534  0.048843
60525.95888856  0.011556  0.000669  0.839819  0.048639
60525.95894668  0.009987  0.000680  0.725809  0.049447
60525.95900480  0.010065  0.000669  0.731442  0.048643
60525.95906292  0.011824  0.000640  0.859305  0.046485
60525.95912104  0.012559  0.000645  0.912656  0.046860
60525.95917916  0.013435  0.000680  0.976373  0.049389
60525.95923728  0.013760  0.000680  1.000000  0.049430
60525.95929540  0.012665  0.000671  0.920413  0.048792
60525.95935352  0.015257  0.000651  1.108790  0.047296
60525.95941165  0.014634  0.000648  1.063464  0.047117
60525.95946977  0.014477  0.000625  1.052040  0.045409
60525.95952789  0.015378  0.000659  1.117565  0.047905
60525.95958601  0.015711  0.000653  1.141767  0.047427
60525.95964413  0.016824  0.000670  1.222654  0.048661
60525.95970225  0.017034  0.000664  1.237891  0.048261
60525.95976037  0.015316  0.000630  1.113018  0.045768
60525.95981849  0.017565  0.000706  1.276505  0.051276
60525.95987661  0.017467  0.000700  1.269382  0.050899
60525.95993473  0.018697  0.000679  1.358737  0.049362
60525.95999285  0.017262  0.000658  1.254493  0.047833
60525.96005097  0.018114  0.000681  1.316342  0.049503
60525.96010909  0.018350  0.000663  1.333513  0.048156
60525.96016721  0.017862  0.000703  1.298054  0.051107
60525.96022533  0.017516  0.000681  1.272928  0.049470
60525.96028345  0.018316  0.000681  1.331089  0.049475
60525.96034157  0.017417  0.000652  1.265702  0.047351
60525.96039969  0.017751  0.000639  1.290025  0.046450
60525.96045781  0.018125  0.000650  1.317149  0.047233
60525.96051593  0.016859  0.000671  1.225195  0.048769
60525.96057406  0.016834  0.000676  1.223328  0.049097
60525.96063218  0.017216  0.000678  1.251108  0.049244
60525.96069030  0.017130  0.000661  1.244872  0.048062
60525.96074842  0.017325  0.000702  1.259058  0.051015
60525.96080654  0.017095  0.000695  1.242322  0.050522
60525.96086466  0.016443  0.000720  1.194957  0.052349
60525.96092278  0.015824  0.000680  1.149936  0.049394
60525.96098090  0.016801  0.000728  1.220954  0.052901
60525.96103902  0.015064  0.000687  1.094728  0.049945
60525.96109714  0.014941  0.000653  1.085761  0.047467
60525.96115526  0.016355  0.000644  1.188532  0.046808
60525.96121338  0.015704  0.000658  1.141236  0.047816
60525.96127150  0.016424  0.000670  1.193539  0.048703
60525.96132962  0.016239  0.000675  1.180094  0.049084
60525.96138774  0.015298  0.000650  1.111717  0.047217
60525.96144586  0.015354  0.000669  1.115811  0.048648
60525.96150398  0.014805  0.000643  1.075910  0.046728
60525.96156210  0.014521  0.000712  1.055285  0.051759
60525.96162022  0.014885  0.000678  1.081750  0.049257
60525.96167834  0.015489  0.000671  1.125638  0.048779
60525.96173647  0.016087  0.000644  1.169044  0.046813
60525.96179459  0.014140  0.000642  1.027579  0.046682
60525.96185271  0.016064  0.000715  1.167418  0.051971
60525.96191083  0.015638  0.000692  1.136423  0.050257
60525.96196895  0.015672  0.000703  1.138891  0.051088
60525.96202707  0.014714  0.000698  1.069326  0.050710
60525.96208519  0.015406  0.000681  1.119549  0.049496
60525.96214331  0.014351  0.000711  1.042908  0.051636
60525.96220143  0.015297  0.000697  1.111689  0.050620
60525.96225955  0.014122  0.000692  1.026239  0.050318
60525.96231767  0.014794  0.000697  1.075136  0.050675
60525.96237579  0.014816  0.000682  1.076733  0.049564
60525.96243391  0.014261  0.000678  1.036401  0.049243
60525.96249203  0.015119  0.000671  1.098733  0.048789
60525.96255015  0.013488  0.000700  0.980161  0.050856
60525.96260827  0.014704  0.000719  1.068581  0.052284
60525.96266639  0.013107  0.000690  0.952485  0.050127
60525.96272451  0.013949  0.000697  1.013664  0.050677
60525.96278263  0.013609  0.000690  0.989009  0.050129
60525.96284075  0.014451  0.000681  1.050169  0.049460
60525.96289888  0.015172  0.000677  1.102557  0.049226
60525.96295700  0.014570  0.000666  1.058796  0.048377
60525.96301512  0.013829  0.000683  1.004943  0.049652
60525.96307324  0.014379  0.000678  1.044950  0.049293
60525.96313136  0.014116  0.000640  1.025815  0.046531
60525.96318948  0.013905  0.000629  1.010507  0.045723
60525.96324760  0.015089  0.000697  1.096573  0.050675
60525.96330572  0.015407  0.000650  1.119645  0.047252
60525.96336384  0.013845  0.000649  1.006163  0.047143
