# HiPERCAM g-band photometry
# Columns: MJD, Ratio, Ratio_Error, Normalized_Ratio, Normalized_Ratio_Error
# Data from runs 10, 12, 14
# Excluded region: MJD 60525.93 to 60525.94
#
60525.89342502  0.011272  0.000818  1.221989  0.088688
60525.89348314  0.011631  0.000853  1.260836  0.092477
60525.89354126  0.012755  0.000809  1.382771  0.087725
60525.89359938  0.011984  0.000757  1.299118  0.082073
60525.89365750  0.012992  0.000717  1.408465  0.077691
60525.89371562  0.013422  0.000727  1.455025  0.078765
60525.89377375  0.012891  0.000751  1.397429  0.081374
60525.89383187  0.012455  0.000737  1.350214  0.079882
60525.89388999  0.012484  0.000781  1.353382  0.084681
60525.89394811  0.012749  0.000818  1.382075  0.088658
60525.89400623  0.013497  0.000748  1.463160  0.081064
60525.89406435  0.012802  0.000708  1.387789  0.076722
60525.89412247  0.013468  0.000755  1.460047  0.081840
60525.89418059  0.013298  0.000699  1.441618  0.075749
60525.89423871  0.014368  0.000699  1.557592  0.075792
60525.89429683  0.014495  0.000706  1.571337  0.076535
60525.89435495  0.014398  0.000683  1.560840  0.074008
60525.89441307  0.015142  0.000738  1.641502  0.080057
60525.89447119  0.013934  0.000785  1.510514  0.085125
60525.89452931  0.015240  0.000706  1.652072  0.076589
60525.89458743  0.014987  0.000633  1.624728  0.068628
60525.89464555  0.013988  0.000745  1.516368  0.080774
60525.89470367  0.014374  0.000803  1.558209  0.087070
60525.89476179  0.015887  0.000769  1.722299  0.083322
60525.89481991  0.015983  0.000699  1.732680  0.075783
60525.89487803  0.015881  0.000813  1.721650  0.088141
60525.89493616  0.016270  0.000789  1.763818  0.085544
60525.89499428  0.016981  0.000792  1.840807  0.085823
60525.89505240  0.017485  0.000775  1.895469  0.084059
60525.89511052  0.016711  0.000774  1.811585  0.083888
60525.89516864  0.016898  0.000837  1.831891  0.090714
60525.89522676  0.016844  0.000783  1.826030  0.084908
60525.89528488  0.017765  0.000780  1.925863  0.084588
60525.89534300  0.017301  0.000788  1.875547  0.085401
60525.89540112  0.015398  0.000768  1.669193  0.083310
60525.89545924  0.017816  0.000755  1.931393  0.081834
60525.89551736  0.018243  0.000757  1.977614  0.082082
60525.89557548  0.018495  0.000771  2.004955  0.083535
60525.89563360  0.018337  0.000784  1.987868  0.085030
60525.89569172  0.019013  0.000797  2.061177  0.086352
60525.89574984  0.019439  0.000800  2.107345  0.086738
60525.89580796  0.017332  0.000833  1.878866  0.090349
60525.89586608  0.020358  0.000840  2.206966  0.091081
60525.89592420  0.020265  0.000822  2.196823  0.089156
60525.89598232  0.018899  0.000819  2.048795  0.088744
60525.89604044  0.019758  0.000876  2.141864  0.095003
60525.89609857  0.019985  0.000867  2.166509  0.093978
60525.89615669  0.020398  0.000868  2.211309  0.094045
60525.89621481  0.020161  0.000883  2.185555  0.095749
60525.89627293  0.020091  0.000864  2.177969  0.093698
60525.89633105  0.020353  0.000810  2.206340  0.087798
60525.89638917  0.021141  0.000791  2.291766  0.085723
60525.89644729  0.019671  0.000815  2.132453  0.088348
60525.89650541  0.021609  0.000767  2.342530  0.083111
60525.89656353  0.021450  0.000807  2.325334  0.087444
60525.89662165  0.021176  0.000773  2.295639  0.083751
60525.89667977  0.020960  0.000761  2.272210  0.082518
60525.89673789  0.021060  0.000745  2.283063  0.080740
60525.89679601  0.021693  0.000732  2.351637  0.079328
60525.89685413  0.022423  0.000768  2.430837  0.083291
60525.89691225  0.021307  0.000740  2.309790  0.080261
60525.89697037  0.023795  0.000793  2.579477  0.085960
60525.89702849  0.023614  0.000826  2.559866  0.089572
60525.89708661  0.022246  0.000813  2.411589  0.088083
60525.89714473  0.021987  0.000851  2.383559  0.092296
60525.89720285  0.023087  0.000849  2.502810  0.092075
60525.89726098  0.022140  0.000753  2.400107  0.081625
60525.89731910  0.023047  0.000769  2.498464  0.083333
60525.89737722  0.022833  0.000702  2.475288  0.076075
60525.89743534  0.023662  0.000687  2.565145  0.074493
60525.89749346  0.023706  0.000748  2.569913  0.081082
60525.89755158  0.024202  0.000754  2.623600  0.081710
60525.89760970  0.022876  0.000753  2.479868  0.081617
60525.89766782  0.024849  0.000775  2.693801  0.084019
60525.89772594  0.024233  0.000755  2.626985  0.081877
60525.89778406  0.025634  0.000799  2.778892  0.086654
60525.89784218  0.025013  0.000780  2.711604  0.084573
60525.89790030  0.024477  0.000772  2.653406  0.083691
60525.89795842  0.025065  0.000842  2.717244  0.091286
60525.89801654  0.025831  0.000797  2.800269  0.086362
60525.89807466  0.025267  0.000761  2.739106  0.082484
60525.89813278  0.025870  0.000760  2.804414  0.082442
60525.89819090  0.025922  0.000757  2.810135  0.082059
60525.89824902  0.026109  0.000806  2.830334  0.087396
60525.89830714  0.024948  0.000769  2.704467  0.083337
60525.89836526  0.025760  0.000832  2.792587  0.090217
60525.89842339  0.026280  0.000789  2.848876  0.085540
60525.90434247  0.033477  0.000852  3.629162  0.092337
60525.90440059  0.035757  0.000859  3.876318  0.093172
60525.90445871  0.036065  0.000892  3.909675  0.096654
60525.90451683  0.034023  0.000916  3.688295  0.099274
60525.90457495  0.034646  0.000935  3.755808  0.101378
60525.90463307  0.034311  0.000956  3.719498  0.103659
60525.90469119  0.032266  0.000927  3.497837  0.100543
60525.90474931  0.032453  0.000932  3.518125  0.100997
60525.90480743  0.030067  0.000920  3.259427  0.099758
60525.90486555  0.028359  0.000893  3.074242  0.096835
60525.90492367  0.028098  0.000892  3.046030  0.096654
60525.90498179  0.026967  0.000944  2.923342  0.102347
60525.90503991  0.026795  0.000850  2.904761  0.092125
60525.90509803  0.026147  0.000818  2.834525  0.088646
60525.90515615  0.024930  0.000856  2.702593  0.092747
60525.90521427  0.025489  0.000809  2.763172  0.087714
60525.90527239  0.024058  0.000804  2.608060  0.087138
60525.90533051  0.022573  0.000872  2.447096  0.094519
60525.90538863  0.022714  0.000842  2.462332  0.091308
60525.90544676  0.021835  0.000868  2.367066  0.094053
60525.90550488  0.020480  0.000879  2.220193  0.095336
60525.90556300  0.021784  0.000874  2.361468  0.094732
60525.90562112  0.018595  0.000895  2.015763  0.097018
60525.90567924  0.018253  0.000694  1.978745  0.075280
60525.90573736  0.019089  0.000619  2.069392  0.067113
60525.90579548  0.017805  0.000630  1.930128  0.068326
60525.90585360  0.018186  0.000633  1.971419  0.068642
60525.90591172  0.016361  0.000623  1.773577  0.067512
60525.90596984  0.014719  0.000610  1.595675  0.066129
60525.90602796  0.015687  0.000606  1.700581  0.065702
60525.90608608  0.014945  0.000642  1.620112  0.069645
60525.90614420  0.014092  0.000627  1.527630  0.068021
60525.90620232  0.013987  0.000627  1.516310  0.068009
60525.90626044  0.013250  0.000581  1.436362  0.063037
60525.90631856  0.012486  0.000564  1.353520  0.061146
60525.90637668  0.011707  0.000601  1.269113  0.065181
60525.90643480  0.012147  0.000603  1.316767  0.065325
60525.90649292  0.009912  0.000615  1.074524  0.066622
60525.90655104  0.009227  0.000600  1.000220  0.065074
60525.90660917  0.009468  0.000550  1.026385  0.059595
60525.90666729  0.008157  0.000585  0.884255  0.063381
60525.90672541  0.008043  0.000608  0.871943  0.065897
60525.90678353  0.006777  0.000591  0.734630  0.064101
60525.90684165  0.006183  0.000595  0.670301  0.064536
60525.90689977  0.006420  0.000586  0.695943  0.063518
60525.90695789  0.006280  0.000561  0.680844  0.060798
60525.90701601  0.006059  0.000535  0.656819  0.057956
60525.90707413  0.005302  0.000535  0.574786  0.057952
60525.90713225  0.005464  0.000534  0.592322  0.057928
60525.90719037  0.004114  0.000579  0.445950  0.062793
60525.90724849  0.003785  0.000706  0.410345  0.076527
60525.90730661  0.004875  0.000761  0.528447  0.082460
60525.90736473  0.005287  0.000767  0.573119  0.083155
60525.90742285  0.004481  0.000754  0.485722  0.081763
60525.90748097  0.005124  0.000716  0.555511  0.077640
60525.90753909  0.005358  0.000695  0.580818  0.075374
60525.90759721  0.003713  0.000723  0.402520  0.078399
60525.90765533  0.005408  0.000714  0.586288  0.077411
60525.90771345  0.005715  0.000610  0.619583  0.066077
60525.90777158  0.002631  0.000751  0.285267  0.081462
60525.90782970  0.005508  0.000787  0.597051  0.085352
60525.90788782  0.004377  0.000789  0.474445  0.085493
60525.90794594  0.005605  0.000739  0.607657  0.080118
60525.90800406  0.004805  0.000733  0.520881  0.079460
60525.90806218  0.003601  0.000711  0.390387  0.077038
60525.90812030  0.003955  0.000702  0.428758  0.076146
60525.90817842  0.004297  0.000726  0.465868  0.078734
60525.90823654  0.004145  0.000709  0.449367  0.076888
60525.90829466  0.004444  0.000694  0.481758  0.075281
60525.90835278  0.004202  0.000717  0.455516  0.077725
60525.90841090  0.003403  0.000753  0.368886  0.081608
60525.90846902  0.004648  0.000693  0.503863  0.075160
60525.90852714  0.004353  0.000739  0.471943  0.080098
60525.90858526  0.003785  0.000707  0.410319  0.076675
60525.90864338  0.005450  0.000674  0.590833  0.073076
60525.90870150  0.002979  0.000699  0.322985  0.075745
60525.90875962  0.003477  0.000699  0.376949  0.075777
60525.90881774  0.004512  0.000763  0.489112  0.082733
60525.90887586  0.003823  0.000773  0.414390  0.083754
60525.90893399  0.004595  0.000781  0.498119  0.084673
60525.90899211  0.004463  0.000802  0.483867  0.086944
60525.90905023  0.004820  0.000791  0.522485  0.085710
60525.90910835  0.004506  0.000782  0.488452  0.084724
60525.90916647  0.004664  0.000782  0.505562  0.084755
60525.90922459  0.003535  0.000764  0.383170  0.082875
60525.90928271  0.002995  0.000772  0.324645  0.083667
60525.90934083  0.003274  0.000748  0.354965  0.081138
60525.90939895  0.004043  0.000792  0.438306  0.085815
60525.90945707  0.004072  0.000758  0.441431  0.082188
60525.90951519  0.004256  0.000751  0.461418  0.081456
60525.90957331  0.004222  0.000763  0.457643  0.082706
60525.90963143  0.004483  0.000696  0.486026  0.075495
60525.90968955  0.004299  0.000627  0.465994  0.068016
60525.90974767  0.003965  0.000738  0.429793  0.080027
60525.90980579  0.004001  0.000693  0.433705  0.075160
60525.90986391  0.003549  0.000680  0.384701  0.073685
60525.90992203  0.005313  0.000699  0.575948  0.075815
60525.90998015  0.004690  0.000702  0.508428  0.076116
60525.91003827  0.004514  0.000651  0.489311  0.070591
60525.91009640  0.006783  0.000716  0.735335  0.077636
60525.91015452  0.004695  0.000733  0.508968  0.079464
60525.91021264  0.005806  0.000751  0.629428  0.081368
60525.91027076  0.003912  0.000816  0.424101  0.088494
60525.91032888  0.003532  0.000771  0.382865  0.083554
60525.91038700  0.005947  0.000709  0.644709  0.076817
60525.91044512  0.002726  0.000708  0.295484  0.076788
60525.91050324  0.004560  0.000801  0.494334  0.086877
60525.91056136  0.003594  0.000700  0.389649  0.075862
60525.91061948  0.005042  0.000722  0.546530  0.078296
60525.91067760  0.004010  0.000699  0.434761  0.075739
60525.91073572  0.004646  0.000724  0.503690  0.078448
60525.91079384  0.004248  0.000654  0.460542  0.070918
60525.91085196  0.005433  0.000754  0.588935  0.081697
60525.91091008  0.004247  0.000769  0.460394  0.083387
60525.91096820  0.003759  0.000807  0.407526  0.087485
60525.91102632  0.003878  0.000775  0.420437  0.084056
60525.91108444  0.004580  0.000759  0.496545  0.082257
60525.91114256  0.003013  0.000794  0.326650  0.086056
60525.91120068  0.004378  0.000761  0.474602  0.082463
60525.91125881  0.004717  0.000751  0.511361  0.081438
60525.91131693  0.005187  0.000818  0.562353  0.088720
60525.91137505  0.003854  0.000742  0.417840  0.080465
60525.91143317  0.005383  0.000712  0.583508  0.077195
60525.91149129  0.004011  0.000758  0.434806  0.082181
60525.91154941  0.004180  0.000715  0.453147  0.077558
60525.91160753  0.004173  0.000704  0.452325  0.076278
60525.91166565  0.005153  0.000651  0.558641  0.070589
60525.91172377  0.004960  0.000665  0.537701  0.072118
60525.91178189  0.004234  0.000712  0.459038  0.077195
60525.91184001  0.003797  0.000736  0.411639  0.079835
60525.91189813  0.003801  0.000713  0.412082  0.077312
60525.91195625  0.005528  0.000743  0.599246  0.080565
60525.91201437  0.004606  0.000694  0.499291  0.075219
60525.91207249  0.004699  0.000640  0.509416  0.069339
60525.91213061  0.004969  0.000721  0.538629  0.078148
60525.91218873  0.003652  0.000701  0.395882  0.075990
60525.91224685  0.004170  0.000728  0.452058  0.078967
60525.91230497  0.005654  0.000670  0.612937  0.072644
60525.91236309  0.005627  0.000731  0.609995  0.079194
60525.91242122  0.004917  0.000748  0.533009  0.081053
60525.91247934  0.006984  0.000695  0.757102  0.075306
60525.91253746  0.008400  0.000689  0.910629  0.074731
60525.91259558  0.007088  0.000708  0.768364  0.076794
60525.91265370  0.007843  0.000705  0.850266  0.076464
60525.91271182  0.009343  0.000725  1.012856  0.078585
60525.91276994  0.009295  0.000648  1.007638  0.070242
60525.91282806  0.011191  0.000658  1.213218  0.071337
60525.91288618  0.009840  0.000679  1.066719  0.073576
60525.91294430  0.012587  0.000665  1.364532  0.072076
60525.91300242  0.012839  0.000689  1.391806  0.074644
60525.91306054  0.013759  0.000748  1.491527  0.081094
60525.91311866  0.012474  0.000779  1.352207  0.084460
60525.91317678  0.014770  0.000780  1.601163  0.084525
60525.91323490  0.015436  0.000759  1.673340  0.082228
60525.91329302  0.016866  0.000797  1.828418  0.086385
60525.91335114  0.014561  0.000767  1.578550  0.083188
60525.91340926  0.015407  0.000767  1.670206  0.083095
60525.91346738  0.014207  0.000762  1.540164  0.082657
60525.91352550  0.016391  0.000695  1.776890  0.075369
60525.91358363  0.014079  0.000743  1.526198  0.080504
60525.91364175  0.015575  0.000742  1.688410  0.080423
60525.91369987  0.014175  0.000761  1.536604  0.082478
60525.91375799  0.014873  0.000706  1.612304  0.076512
60525.91381611  0.014600  0.000735  1.582701  0.079720
60525.91387423  0.014511  0.000710  1.573084  0.077020
60525.91393235  0.013248  0.000787  1.436182  0.085343
60525.91399047  0.013731  0.000697  1.488518  0.075535
60525.91404859  0.013365  0.000743  1.448885  0.080569
60525.91410671  0.014495  0.000765  1.571374  0.082892
60525.91416483  0.013466  0.000754  1.459849  0.081760
60525.91422295  0.012783  0.000744  1.385700  0.080605
60525.91428107  0.012083  0.000690  1.309917  0.074760
60525.91433919  0.014674  0.000795  1.590751  0.086180
60525.91439731  0.012790  0.000686  1.386540  0.074321
60525.91445543  0.013967  0.000740  1.514090  0.080211
60525.91451355  0.012873  0.000804  1.395518  0.087169
60525.91457167  0.012951  0.000772  1.404017  0.083673
60525.91462979  0.013368  0.000731  1.449221  0.079202
60525.91468792  0.012390  0.000784  1.343114  0.084967
60525.91474604  0.011911  0.000719  1.291173  0.077939
60525.91480416  0.011705  0.000703  1.268918  0.076179
60525.91486228  0.011741  0.000668  1.272763  0.072386
60525.91492040  0.013639  0.000681  1.478554  0.073793
60525.91497852  0.011543  0.000621  1.251330  0.067276
60525.91503664  0.011478  0.000654  1.244322  0.070908
60525.91509476  0.012413  0.000646  1.345632  0.070019
60525.91515288  0.012421  0.000706  1.346542  0.076503
60525.91521100  0.012045  0.000714  1.305737  0.077367
60525.91526912  0.010060  0.000739  1.090562  0.080059
60525.91532724  0.009441  0.000706  1.023489  0.076558
60525.91538536  0.009790  0.000753  1.061251  0.081653
60525.91544348  0.010448  0.000772  1.132665  0.083641
60525.91550160  0.011369  0.000800  1.232515  0.086713
60525.91555972  0.010996  0.000749  1.192076  0.081178
60525.91561784  0.011530  0.000844  1.249893  0.091502
60525.91567596  0.010805  0.000743  1.171329  0.080541
60525.91573408  0.010509  0.000742  1.139250  0.080399
60525.91579220  0.011463  0.000772  1.242698  0.083715
60525.91585033  0.010505  0.000785  1.138760  0.085146
60525.91590845  0.010217  0.000750  1.107567  0.081306
60525.91596657  0.011042  0.000750  1.197001  0.081340
60525.91602469  0.010423  0.000813  1.129969  0.088154
60525.91608281  0.010329  0.000817  1.119728  0.088535
60525.91614093  0.009510  0.000772  1.030893  0.083681
60525.91619905  0.008357  0.000744  0.905912  0.080645
60525.91625717  0.011192  0.000720  1.213273  0.078095
60525.91631529  0.011000  0.000756  1.192443  0.081912
60525.91637341  0.010507  0.000771  1.138998  0.083528
60525.91643153  0.011117  0.000674  1.205170  0.073071
60525.91648965  0.009665  0.000709  1.047754  0.076882
60525.91654777  0.009892  0.000649  1.072352  0.070329
60525.91660589  0.010168  0.000680  1.102264  0.073701
60525.91666401  0.009037  0.000698  0.979677  0.075634
60525.91672213  0.009449  0.000731  1.024295  0.079208
60525.91678025  0.008840  0.000751  0.958348  0.081466
60525.91683837  0.007071  0.000691  0.766521  0.074914
60525.91689649  0.008831  0.000680  0.957308  0.073763
60525.91695461  0.008335  0.000657  0.903517  0.071197
60525.91701274  0.009561  0.000746  1.036524  0.080902
60525.91707086  0.008766  0.000737  0.950311  0.079866
60525.91712898  0.008811  0.000708  0.955216  0.076706
60525.91718710  0.007460  0.000770  0.808703  0.083489
60525.91724522  0.008442  0.000715  0.915201  0.077556
60525.91730334  0.008797  0.000694  0.953635  0.075211
60525.91736146  0.008303  0.000708  0.900139  0.076794
60525.91741958  0.009756  0.000763  1.057632  0.082694
60525.91747770  0.009299  0.000773  1.008072  0.083834
60525.91753582  0.007994  0.000794  0.866550  0.086119
60525.91759394  0.008913  0.000758  0.966224  0.082171
60525.91765206  0.010771  0.000737  1.167610  0.079868
60525.91771018  0.009189  0.000779  0.996122  0.084453
60525.91776830  0.008153  0.000745  0.883847  0.080733
60525.91782642  0.008665  0.000767  0.939306  0.083150
60525.91788454  0.008758  0.000753  0.949469  0.081631
60525.91794266  0.008140  0.000698  0.882423  0.075709
60525.91800078  0.007439  0.000726  0.806383  0.078687
60525.91805890  0.008081  0.000736  0.875994  0.079772
60525.91811702  0.008202  0.000755  0.889192  0.081821
60525.91817515  0.007863  0.000735  0.852384  0.079672
60525.91823327  0.007944  0.000756  0.861147  0.081909
60525.91829139  0.007634  0.000688  0.827591  0.074558
60525.91834951  0.007331  0.000648  0.794687  0.070197
60525.91840763  0.008153  0.000708  0.883868  0.076781
60525.91846575  0.007989  0.000685  0.866034  0.074309
60525.91852387  0.007579  0.000650  0.821602  0.070458
60525.91858199  0.009035  0.000677  0.979444  0.073352
60525.91864011  0.006795  0.000702  0.736658  0.076130
60525.91869823  0.007903  0.000691  0.856761  0.074948
60525.91875635  0.008254  0.000683  0.894729  0.074078
60525.91881447  0.007322  0.000669  0.793736  0.072485
60525.91887259  0.007082  0.000696  0.767710  0.075405
60525.91893071  0.008020  0.000667  0.869444  0.072284
60525.91898883  0.008945  0.000684  0.969733  0.074142
60525.91904695  0.007029  0.000780  0.762013  0.084551
60525.91910507  0.007405  0.000787  0.802725  0.085343
60525.91916319  0.007207  0.000708  0.781232  0.076772
60525.91922131  0.005327  0.000730  0.577430  0.079165
60525.91927943  0.006942  0.000767  0.752545  0.083099
60525.91933756  0.007801  0.000779  0.845623  0.084452
60525.91939568  0.006433  0.000767  0.697404  0.083156
60525.91945380  0.005719  0.000743  0.619992  0.080544
60525.91951192  0.007333  0.000748  0.794971  0.081041
60525.91957004  0.007248  0.000721  0.785690  0.078158
60525.91962816  0.007227  0.000747  0.783419  0.080941
60525.91968628  0.006304  0.000718  0.683442  0.077800
60525.91974440  0.005993  0.000645  0.649688  0.069972
60525.91980252  0.005569  0.000664  0.603764  0.071928
60525.91986064  0.006859  0.000688  0.743517  0.074556
60525.91991876  0.006588  0.000750  0.714137  0.081319
60525.91997688  0.005331  0.000687  0.577876  0.074498
60525.92003500  0.006475  0.000647  0.701942  0.070092
60525.92009312  0.005811  0.000625  0.629978  0.067806
60525.92015124  0.006922  0.000640  0.750390  0.069411
60525.92020936  0.005740  0.000642  0.622280  0.069575
60525.92026748  0.007568  0.000633  0.820372  0.068650
60525.92032560  0.005299  0.000620  0.574409  0.067235
60525.92038372  0.005654  0.000698  0.612923  0.075680
60525.92044184  0.004669  0.000675  0.506125  0.073156
60525.92049997  0.005137  0.000632  0.556871  0.068527
60525.92055809  0.005788  0.000688  0.627401  0.074634
60525.92061621  0.005777  0.000636  0.626239  0.068994
60525.92067433  0.004528  0.000649  0.490916  0.070356
60525.92073245  0.005212  0.000634  0.565037  0.068741
60525.92079057  0.005482  0.000632  0.594271  0.068561
60525.92084869  0.005219  0.000604  0.565817  0.065452
60525.92090681  0.003941  0.000626  0.427239  0.067865
60525.92096493  0.004774  0.000639  0.517542  0.069299
60525.92102305  0.005265  0.000586  0.570811  0.063501
60525.92108117  0.005913  0.000598  0.641018  0.064862
60525.92113929  0.003615  0.000629  0.391843  0.068188
60525.92119741  0.004777  0.000643  0.517847  0.069719
60525.92125553  0.004681  0.000644  0.507404  0.069834
60525.92131365  0.005069  0.000659  0.549480  0.071431
60525.92137177  0.003975  0.000658  0.430930  0.071354
60525.92142989  0.004545  0.000723  0.492725  0.078324
60525.92148801  0.006460  0.000724  0.700270  0.078491
60525.92154613  0.005887  0.000790  0.638136  0.085605
60525.92160425  0.004261  0.000793  0.461867  0.086000
60525.92166238  0.005010  0.000760  0.543126  0.082402
60525.92172050  0.005661  0.000805  0.613637  0.087233
60525.92177862  0.003834  0.000754  0.415600  0.081777
60525.92183674  0.004894  0.000743  0.530509  0.080524
60525.92189486  0.006387  0.000684  0.692335  0.074172
60525.92195298  0.004291  0.000676  0.465179  0.073309
60525.92201110  0.003945  0.000641  0.427644  0.069446
60525.92206922  0.004609  0.000640  0.499600  0.069401
60525.92212734  0.004032  0.000659  0.437098  0.071435
60525.92218546  0.004729  0.000654  0.512703  0.070866
60525.92224358  0.004802  0.000641  0.520543  0.069534
60525.92230170  0.005800  0.000648  0.628783  0.070211
60525.92235982  0.003675  0.000600  0.398360  0.065045
60525.92241794  0.003441  0.000653  0.373050  0.070790
60525.92247606  0.005435  0.000636  0.589222  0.068984
60525.92253418  0.006302  0.000652  0.683181  0.070659
60525.92259230  0.005520  0.000596  0.598427  0.064656
60525.92265042  0.004757  0.000644  0.515739  0.069801
60525.92270854  0.005775  0.000649  0.626060  0.070386
60525.92276666  0.004631  0.000642  0.502001  0.069556
60525.92282479  0.003420  0.000629  0.370783  0.068167
60525.92288291  0.005397  0.000633  0.585072  0.068579
60525.92294103  0.006403  0.000683  0.694078  0.074045
60525.92299915  0.005590  0.000668  0.605991  0.072458
60525.92305727  0.005178  0.000687  0.561333  0.074506
60525.92311539  0.004995  0.000668  0.541517  0.072396
60525.92317351  0.003929  0.000646  0.425924  0.070009
60525.92323163  0.005360  0.000578  0.581019  0.062705
60525.92328975  0.003755  0.000621  0.407030  0.067354
60525.92334787  0.003994  0.000712  0.432924  0.077141
60525.92340599  0.005406  0.000650  0.586027  0.070495
60525.92346411  0.005504  0.000694  0.596634  0.075192
60525.92352223  0.004379  0.000682  0.474716  0.073936
60525.92358035  0.004517  0.000686  0.489668  0.074402
60525.92363847  0.005707  0.000662  0.618622  0.071810
60525.92369659  0.004199  0.000675  0.455221  0.073191
60525.92375471  0.005459  0.000710  0.591776  0.076930
60525.92381283  0.005581  0.000702  0.604963  0.076099
60525.92387095  0.005008  0.000758  0.542924  0.082152
60525.92392907  0.005368  0.000734  0.581870  0.079528
60525.92398720  0.005182  0.000699  0.561780  0.075761
60525.92404532  0.003545  0.000721  0.384336  0.078148
60525.92410344  0.005965  0.000737  0.646696  0.079904
60525.92416156  0.005636  0.000788  0.610956  0.085468
60525.92421968  0.006111  0.000765  0.662458  0.082882
60525.92427780  0.005193  0.000798  0.562959  0.086510
60525.92433592  0.005352  0.000654  0.580233  0.070940
60525.92439404  0.006134  0.000719  0.664972  0.077955
60525.92445216  0.005162  0.000696  0.559539  0.075504
60525.92451028  0.004952  0.000725  0.536865  0.078576
60525.92456840  0.005383  0.000696  0.583507  0.075411
60525.92462652  0.004087  0.000675  0.443026  0.073171
60525.92468464  0.004796  0.000692  0.519940  0.074968
60525.92474276  0.005907  0.000706  0.640374  0.076576
60525.92480088  0.003837  0.000646  0.415996  0.070027
60525.92485900  0.004693  0.000658  0.508701  0.071361
60525.92491712  0.004866  0.000664  0.527471  0.071999
60525.92497524  0.003956  0.000599  0.428813  0.064949
60525.92503336  0.004612  0.000627  0.499997  0.068016
60525.92509148  0.005208  0.000578  0.564574  0.062620
60525.92514961  0.005149  0.000590  0.558131  0.064011
60525.92520773  0.004586  0.000581  0.497183  0.063013
60525.92526585  0.004491  0.000594  0.486806  0.064397
60525.92532397  0.005786  0.000588  0.627287  0.063713
60525.92538209  0.005145  0.000601  0.557794  0.065122
60525.92544021  0.005564  0.000612  0.603145  0.066304
60525.92549833  0.004118  0.000647  0.446371  0.070122
60525.92555645  0.005062  0.000663  0.548764  0.071861
60525.92561457  0.004133  0.000681  0.448022  0.073805
60525.92567269  0.005851  0.000722  0.634271  0.078237
60525.92573081  0.005395  0.000679  0.584864  0.073654
60525.92578893  0.005103  0.000675  0.553149  0.073209
60525.92584705  0.005470  0.000721  0.592953  0.078198
60525.92590517  0.005894  0.000725  0.638971  0.078634
60525.92596329  0.004630  0.000669  0.501948  0.072573
60525.92602141  0.004640  0.000712  0.502987  0.077147
60525.92607953  0.003996  0.000723  0.433191  0.078333
60525.92613765  0.004423  0.000726  0.479506  0.078701
60525.92619577  0.004901  0.000755  0.531250  0.081895
60525.92625389  0.004673  0.000681  0.506543  0.073851
60525.92631202  0.004948  0.000697  0.536343  0.075555
60525.92637014  0.005863  0.000642  0.635632  0.069583
60525.92642826  0.005146  0.000672  0.557825  0.072882
60525.92648638  0.004795  0.000670  0.519839  0.072591
60525.92654450  0.003824  0.000683  0.414534  0.074027
60525.92660262  0.005098  0.000649  0.552632  0.070376
60525.92666074  0.003169  0.000691  0.343555  0.074922
60525.92671886  0.003387  0.000648  0.367219  0.070224
60525.92677698  0.003957  0.000693  0.428967  0.075081
60525.92683510  0.005506  0.000692  0.596869  0.075048
60525.92689322  0.005465  0.000670  0.592404  0.072683
60525.92695134  0.003370  0.000651  0.365301  0.070576
60525.92700946  0.003664  0.000647  0.397190  0.070108
60525.92706758  0.004361  0.000621  0.472795  0.067287
60525.92712570  0.004343  0.000593  0.470787  0.064242
60525.92718382  0.003872  0.000644  0.419700  0.069838
60525.92724194  0.005136  0.000673  0.556794  0.072931
60525.92730006  0.004530  0.000636  0.491111  0.068896
60525.92735818  0.005853  0.000644  0.634471  0.069848
60525.92741631  0.005293  0.000633  0.573741  0.068622
60525.92747443  0.004064  0.000644  0.440570  0.069822
60525.92753255  0.005020  0.000637  0.544156  0.069055
60525.92759067  0.003326  0.000626  0.360532  0.067883
60525.92764879  0.003948  0.000637  0.428040  0.069094
60525.92770691  0.005286  0.000642  0.573030  0.069615
60525.92776503  0.003233  0.000653  0.350496  0.070836
60525.92782315  0.004190  0.000620  0.454226  0.067171
60525.92788127  0.005528  0.000642  0.599266  0.069637
60525.92793939  0.005387  0.000597  0.583931  0.064718
60525.92799751  0.004024  0.000624  0.436270  0.067670
60525.92805563  0.004550  0.000617  0.493222  0.066863
60525.92811375  0.005549  0.000611  0.601529  0.066208
60525.92817187  0.004107  0.000620  0.445206  0.067248
60525.92822999  0.004330  0.000603  0.469440  0.065335
60525.92828811  0.005399  0.000606  0.585285  0.065712
60525.92834623  0.004379  0.000602  0.474736  0.065209
60525.92840435  0.005701  0.000600  0.618000  0.065000
60525.92846247  0.003244  0.000621  0.351670  0.067280
60525.92852059  0.004925  0.000617  0.533949  0.066865
60525.92857872  0.004514  0.000686  0.489347  0.074400
60525.92863684  0.004091  0.000624  0.443511  0.067685
60525.92869496  0.004221  0.000633  0.457589  0.068631
60525.92875308  0.004739  0.000646  0.513774  0.069984
60525.92881120  0.004118  0.000620  0.446366  0.067253
60525.92886932  0.003320  0.000612  0.359902  0.066337
60525.92892744  0.004543  0.000671  0.492454  0.072738
60525.92898556  0.004765  0.000676  0.516602  0.073282
60525.92904368  0.003948  0.000631  0.427943  0.068452
60525.92910180  0.004884  0.000653  0.529408  0.070750
60525.92915992  0.004219  0.000702  0.457384  0.076151
60525.92921804  0.003263  0.000602  0.353717  0.065290
60525.92927616  0.004246  0.000659  0.460271  0.071422
60525.92933428  0.004310  0.000665  0.467222  0.072127
60525.92939240  0.005234  0.000614  0.567411  0.066558
60525.92945052  0.003199  0.000652  0.346783  0.070638
60525.92950864  0.004192  0.000621  0.454409  0.067284
60525.92956676  0.004470  0.000589  0.484590  0.063811
60525.92962488  0.003714  0.000606  0.402626  0.065725
60525.92968300  0.004434  0.000652  0.480661  0.070677
60525.92974113  0.003681  0.000629  0.399026  0.068216
60525.92979925  0.004128  0.000671  0.447450  0.072703
60525.92985737  0.003264  0.000643  0.353824  0.069706
60525.92991549  0.004098  0.000626  0.444203  0.067814
60525.92997361  0.004144  0.000604  0.449193  0.065520
60525.94307978  0.021108  0.000673  2.288217  0.072920
60525.94313790  0.021488  0.000679  2.329382  0.073655
60525.94319602  0.021595  0.000719  2.341082  0.077988
60525.94325415  0.022628  0.000710  2.452958  0.077020
60525.94331227  0.021670  0.000681  2.349119  0.073826
60525.94337039  0.022023  0.000692  2.387393  0.074980
60525.94342851  0.020790  0.000663  2.253790  0.071884
60525.94348663  0.022467  0.000651  2.435604  0.070614
60525.94354475  0.022452  0.000683  2.433893  0.073990
60525.94360287  0.021223  0.000679  2.300716  0.073617
60525.94366099  0.022484  0.000704  2.437450  0.076265
60525.94371911  0.022912  0.000694  2.483775  0.075274
60525.94377723  0.021942  0.000717  2.378664  0.077769
60525.94383535  0.022029  0.000711  2.388113  0.077063
60525.94389347  0.021603  0.000727  2.341889  0.078790
60525.94395159  0.023540  0.000698  2.551916  0.075673
60525.94400971  0.021959  0.000676  2.380485  0.073244
60525.94406783  0.023781  0.000699  2.577999  0.075765
60525.94412595  0.022759  0.000700  2.467223  0.075904
60525.94418407  0.023406  0.000712  2.537317  0.077144
60525.94424219  0.022183  0.000733  2.404737  0.079493
60525.94430031  0.023560  0.000717  2.554001  0.077766
60525.94435843  0.025441  0.000722  2.757990  0.078220
60525.94441656  0.024179  0.000736  2.621148  0.079792
60525.94447468  0.024231  0.000756  2.626781  0.081938
60525.94453280  0.024587  0.000724  2.665351  0.078468
60525.94459092  0.024320  0.000755  2.636448  0.081836
60525.94464904  0.025824  0.000739  2.799462  0.080156
60525.94470716  0.025711  0.000766  2.787175  0.083090
60525.94476528  0.023479  0.000689  2.545243  0.074672
60525.94482340  0.025915  0.000736  2.809291  0.079738
60525.94488152  0.026408  0.000717  2.862746  0.077741
60525.94493964  0.025661  0.000725  2.781782  0.078634
60525.94499776  0.026441  0.000737  2.866343  0.079856
60525.94505588  0.026785  0.000702  2.903680  0.076051
60525.94511400  0.027048  0.000712  2.932150  0.077232
60525.94517212  0.025960  0.000702  2.814269  0.076106
60525.94523024  0.027410  0.000715  2.971370  0.077471
60525.94528836  0.027853  0.000718  3.019420  0.077874
60525.94534648  0.027888  0.000716  3.023209  0.077625
60525.94540460  0.025989  0.000702  2.817402  0.076056
60525.94546272  0.028026  0.000692  3.038216  0.075003
60525.94552085  0.027706  0.000756  3.003521  0.081972
60525.94557897  0.028229  0.000723  3.060145  0.078418
60525.94563709  0.028852  0.000717  3.127733  0.077693
60525.94569521  0.028402  0.000752  3.078971  0.081471
60525.94575333  0.027807  0.000726  3.014490  0.078672
60525.94581145  0.029198  0.000712  3.165210  0.077172
60525.94586957  0.030197  0.000721  3.273517  0.078171
60525.94592769  0.028291  0.000683  3.066908  0.074027
60525.94598581  0.029098  0.000707  3.154426  0.076667
60525.94604393  0.030020  0.000699  3.254374  0.075773
60525.94610205  0.029245  0.000727  3.170336  0.078842
60525.94616017  0.029262  0.000745  3.172229  0.080800
60525.94621829  0.029517  0.000728  3.199806  0.078938
60525.94627641  0.029655  0.000728  3.214752  0.078959
60525.94633453  0.029569  0.000725  3.205414  0.078604
60525.94639265  0.030537  0.000712  3.310388  0.077144
60525.94645077  0.030938  0.000717  3.353877  0.077699
60525.94650889  0.030526  0.000681  3.309239  0.073806
60525.94656701  0.030827  0.000762  3.341866  0.082590
60525.94662513  0.030977  0.000739  3.358111  0.080071
60525.94668326  0.032072  0.000700  3.476784  0.075835
60525.94674138  0.031984  0.000744  3.467272  0.080622
60525.94679950  0.030883  0.000728  3.347947  0.078932
60525.94685762  0.031884  0.000758  3.456364  0.082224
60525.94691574  0.031343  0.000802  3.397732  0.086966
60525.94697386  0.032264  0.000756  3.497608  0.082000
60525.94703198  0.031962  0.000754  3.464819  0.081787
60525.94709010  0.032493  0.000705  3.522392  0.076478
60525.94714822  0.031078  0.000714  3.368997  0.077446
60525.94720634  0.032504  0.000694  3.523652  0.075209
60525.94726446  0.031990  0.000663  3.467864  0.071873
60525.94732258  0.031293  0.000674  3.392326  0.073076
60525.94738070  0.033214  0.000711  3.600557  0.077092
60525.94743882  0.031199  0.000729  3.382135  0.078978
60525.94749694  0.032155  0.000665  3.485754  0.072077
60525.94755506  0.032487  0.000658  3.521829  0.071324
60525.94761318  0.033517  0.000721  3.633439  0.078113
60525.94767130  0.032695  0.000744  3.544342  0.080646
60525.94772942  0.032572  0.000726  3.530977  0.078667
60525.94778754  0.032374  0.000731  3.509583  0.079283
60525.94784567  0.032203  0.000717  3.490976  0.077765
60525.94790379  0.033293  0.000725  3.609144  0.078542
60525.94796191  0.033327  0.000731  3.612818  0.079223
60525.94802003  0.032948  0.000728  3.571786  0.078934
60525.94807815  0.034842  0.000702  3.777078  0.076117
60525.94813627  0.034181  0.000702  3.705394  0.076062
60525.94819439  0.033450  0.000694  3.626128  0.075284
60525.94825251  0.034042  0.000725  3.690403  0.078559
60525.94831063  0.034327  0.000686  3.721297  0.074339
60525.94836875  0.034076  0.000733  3.694048  0.079457
60525.94842687  0.034670  0.000741  3.758490  0.080361
60525.94848499  0.033648  0.000687  3.647678  0.074466
60525.94854311  0.036040  0.000714  3.907007  0.077401
60525.94860123  0.034757  0.000712  3.767862  0.077187
60525.94865935  0.034803  0.000733  3.772876  0.079457
60525.94871747  0.034868  0.000719  3.779931  0.077955
60525.94877559  0.034832  0.000689  3.776038  0.074641
60525.94883371  0.034899  0.000676  3.783212  0.073230
60525.94889183  0.035745  0.000723  3.874987  0.078414
60525.94894995  0.035210  0.000705  3.816950  0.076416
60525.94900808  0.036215  0.000708  3.925955  0.076800
60525.94906620  0.034321  0.000713  3.720615  0.077272
60525.94912432  0.034799  0.000700  3.772412  0.075834
60525.94918244  0.035450  0.000728  3.843000  0.078941
60525.94924056  0.035450  0.000735  3.843042  0.079654
60525.94929868  0.035507  0.000739  3.849125  0.080111
60525.94935680  0.034898  0.000736  3.783181  0.079785
60525.94941492  0.035895  0.000726  3.891265  0.078688
60525.94947304  0.035602  0.000723  3.859513  0.078413
60525.94953116  0.035588  0.000727  3.857923  0.078802
60525.94958928  0.035614  0.000728  3.860775  0.078903
60525.94964740  0.035573  0.000727  3.856334  0.078761
60525.94970552  0.035954  0.000771  3.897640  0.083623
60525.94976364  0.033852  0.000713  3.669813  0.077281
60525.94982176  0.036044  0.000708  3.907338  0.076783
60525.94987988  0.036061  0.000717  3.909247  0.077742
60525.94993800  0.035699  0.000676  3.870033  0.073334
60525.94999612  0.036323  0.000714  3.937617  0.077446
60525.95005424  0.036323  0.000677  3.937599  0.073360
60525.95011236  0.036133  0.000699  3.917020  0.075804
60525.95017049  0.034112  0.000695  3.697919  0.075356
60525.95022861  0.036115  0.000714  3.915038  0.077410
60525.95028673  0.035282  0.000725  3.824792  0.078552
60525.95034485  0.035618  0.000700  3.861186  0.075846
60525.95040297  0.036375  0.000697  3.943292  0.075552
60525.95046109  0.035417  0.000717  3.839465  0.077767
60525.95051921  0.035907  0.000719  3.892484  0.077980
60525.95057733  0.036453  0.000721  3.951672  0.078172
60525.95063545  0.034740  0.000716  3.765989  0.077606
60525.95069357  0.035694  0.000718  3.869437  0.077798
60525.95075169  0.034657  0.000751  3.757029  0.081377
60525.95080981  0.034760  0.000731  3.768159  0.079283
60525.95086793  0.035023  0.000687  3.796742  0.074435
60525.95092605  0.034880  0.000716  3.781182  0.077566
60525.95098417  0.035167  0.000718  3.812278  0.077850
60525.95104229  0.035218  0.000715  3.817859  0.077547
60525.95110041  0.034123  0.000695  3.699153  0.075313
60525.95115853  0.035485  0.000740  3.846785  0.080261
60525.95121665  0.032325  0.000710  3.504234  0.077020
60525.95127477  0.033190  0.000725  3.598022  0.078609
60525.95133290  0.031689  0.000736  3.435256  0.079741
60525.95139102  0.030670  0.000691  3.324841  0.074872
60525.95144914  0.030143  0.000714  3.267658  0.077367
60525.95150726  0.028687  0.000692  3.109800  0.075010
60525.95156538  0.026785  0.000680  2.903633  0.073726
60525.95162350  0.026807  0.000678  2.906087  0.073541
60525.95168162  0.026570  0.000694  2.880307  0.075240
60525.95173974  0.024118  0.000696  2.614501  0.075442
60525.95179786  0.024144  0.000674  2.617332  0.073111
60525.95185598  0.022588  0.000695  2.448682  0.075297
60525.95191410  0.023605  0.000669  2.558970  0.072530
60525.95197222  0.023227  0.000680  2.517931  0.073693
60525.95203034  0.022047  0.000649  2.390021  0.070386
60525.95208846  0.020486  0.000699  2.220778  0.075805
60525.95214658  0.021274  0.000680  2.306217  0.073753
60525.95220470  0.019664  0.000681  2.131698  0.073808
60525.95226282  0.018354  0.000665  1.989635  0.072043
60525.95232094  0.018517  0.000702  2.007332  0.076107
60525.95237906  0.018034  0.000655  1.954958  0.071038
60525.95243718  0.016308  0.000631  1.767839  0.068371
60525.95249531  0.016924  0.000632  1.834656  0.068518
60525.95255343  0.014541  0.000633  1.576353  0.068648
60525.95261155  0.014764  0.000645  1.600536  0.069879
60525.95266967  0.014352  0.000645  1.555878  0.069967
60525.95272779  0.014278  0.000638  1.547862  0.069141
60525.95278591  0.012800  0.000678  1.387619  0.073505
60525.95284403  0.012370  0.000654  1.340972  0.070863
60525.95290215  0.011591  0.000639  1.256485  0.069245
60525.95296027  0.010427  0.000646  1.130401  0.070028
60525.95301839  0.010455  0.000685  1.133392  0.074298
60525.95307651  0.008788  0.000691  0.952667  0.074951
60525.95313463  0.010058  0.000664  1.090344  0.071957
60525.95319275  0.009225  0.000652  1.000000  0.070649
60525.95325087  0.007336  0.000684  0.795311  0.074152
60525.95330899  0.008120  0.000655  0.880217  0.070960
60525.95336711  0.007693  0.000636  0.833993  0.068950
60525.95342523  0.007325  0.000630  0.794100  0.068251
60525.95348335  0.008161  0.000633  0.884687  0.068639
60525.95354147  0.006848  0.000623  0.742361  0.067537
60525.95359959  0.005264  0.000611  0.570617  0.066225
60525.95365772  0.004779  0.000616  0.518126  0.066805
60525.95371584  0.005250  0.000618  0.569140  0.067027
60525.95377396  0.006390  0.000625  0.692743  0.067787
60525.95383208  0.004966  0.000638  0.538356  0.069162
60525.95389020  0.004655  0.000642  0.504581  0.069552
60525.95394832  0.005203  0.000639  0.564011  0.069304
60525.95400644  0.004101  0.000623  0.444569  0.067511
60525.95406456  0.004198  0.000605  0.455122  0.065573
60525.95412268  0.004482  0.000604  0.485835  0.065489
60525.95418080  0.003645  0.000620  0.395137  0.067249
60525.95423892  0.003510  0.000644  0.380456  0.069824
60525.95429704  0.003580  0.000642  0.388123  0.069590
60525.95435516  0.004308  0.000661  0.466992  0.071673
60525.95441328  0.004728  0.000644  0.512510  0.069770
60525.95447140  0.005201  0.000676  0.563858  0.073251
60525.95452952  0.004730  0.000649  0.512731  0.070359
60525.95458764  0.003962  0.000611  0.429506  0.066264
60525.95464576  0.004490  0.000623  0.486759  0.067586
60525.95470388  0.005369  0.000630  0.581989  0.068252
60525.95476200  0.004112  0.000649  0.445782  0.070327
60525.95482013  0.004319  0.000652  0.468198  0.070649
60525.95487825  0.003958  0.000631  0.429043  0.068438
60525.95493637  0.003702  0.000634  0.401303  0.068682
60525.95499449  0.004521  0.000643  0.490077  0.069657
60525.95505261  0.003586  0.000603  0.388732  0.065355
60525.95511073  0.004185  0.000631  0.453659  0.068441
60525.95516885  0.003474  0.000611  0.376618  0.066203
60525.95522697  0.005792  0.000646  0.627844  0.070026
60525.95528509  0.004551  0.000643  0.493393  0.069751
60525.95534321  0.004490  0.000668  0.486752  0.072458
60525.95540133  0.004427  0.000649  0.479929  0.070352
60525.95545945  0.003443  0.000659  0.373270  0.071389
60525.95551757  0.004214  0.000672  0.456866  0.072880
60525.95557569  0.003136  0.000635  0.339974  0.068814
60525.95563381  0.003762  0.000633  0.407857  0.068636
60525.95569193  0.003217  0.000713  0.348781  0.077325
60525.95575005  0.003759  0.000638  0.407504  0.069116
60525.95580817  0.004622  0.000688  0.501013  0.074558
60525.95586629  0.004096  0.000652  0.444036  0.070727
60525.95592442  0.005520  0.000701  0.598376  0.075953
60525.95598254  0.003723  0.000656  0.403574  0.071078
60525.95604066  0.004698  0.000665  0.509346  0.072091
60525.95609878  0.004449  0.000666  0.482314  0.072217
60525.95615690  0.005110  0.000642  0.553970  0.069581
60525.95621502  0.003651  0.000673  0.395841  0.072915
60525.95627314  0.005053  0.000667  0.547794  0.072346
60525.95633126  0.004268  0.000746  0.462704  0.080855
60525.95638938  0.004168  0.000650  0.451810  0.070450
60525.95644750  0.004176  0.000638  0.452721  0.069201
60525.95650562  0.004970  0.000652  0.538765  0.070665
60525.95656374  0.004612  0.000665  0.499967  0.072130
60525.95662186  0.004674  0.000636  0.506708  0.068936
60525.95667998  0.005677  0.000628  0.615372  0.068048
60525.95673810  0.003561  0.000636  0.385983  0.068990
60525.95679622  0.004586  0.000593  0.497105  0.064314
60525.95685434  0.005024  0.000636  0.544659  0.068947
60525.95691246  0.004723  0.000647  0.512050  0.070087
60525.95697058  0.004446  0.000625  0.482025  0.067801
60525.95702870  0.004879  0.000635  0.528894  0.068842
60525.95708683  0.005239  0.000648  0.567944  0.070270
60525.95714495  0.004128  0.000662  0.447516  0.071780
60525.95720307  0.004590  0.000631  0.497566  0.068455
60525.95726119  0.003907  0.000628  0.423547  0.068101
60525.95731931  0.005225  0.000674  0.566407  0.073114
60525.95737743  0.004707  0.000663  0.510251  0.071899
60525.95743555  0.004691  0.000651  0.508489  0.070620
60525.95749367  0.003305  0.000688  0.358260  0.074580
60525.95755179  0.005125  0.000680  0.555602  0.073679
60525.95760991  0.004981  0.000683  0.539979  0.074008
60525.95766803  0.004974  0.000666  0.539158  0.072148
60525.95772615  0.004224  0.000655  0.457908  0.070964
60525.95778427  0.004181  0.000657  0.453248  0.071251
60525.95784239  0.004193  0.000687  0.454535  0.074438
60525.95790051  0.005013  0.000650  0.543449  0.070489
60525.95795863  0.004659  0.000660  0.505075  0.071525
60525.95801675  0.004281  0.000677  0.464075  0.073436
60525.95807487  0.002724  0.000635  0.295336  0.068813
60525.95813299  0.004330  0.000653  0.469442  0.070796
60525.95819111  0.004875  0.000673  0.528429  0.072978
60525.95824924  0.004765  0.000665  0.516577  0.072094
60525.95830736  0.004498  0.000694  0.487645  0.075225
60525.95836548  0.004482  0.000656  0.485918  0.071166
60525.95842360  0.003900  0.000717  0.422795  0.077733
60525.95848172  0.004612  0.000682  0.499968  0.073893
60525.95853984  0.004597  0.000707  0.498388  0.076612
60525.95859796  0.005404  0.000718  0.585785  0.077828
60525.95865608  0.005277  0.000666  0.572027  0.072211
60525.95871420  0.005252  0.000691  0.569307  0.074864
60525.95877232  0.005834  0.000652  0.632403  0.070688
60525.95883044  0.005069  0.000646  0.549537  0.069999
60525.95888856  0.004030  0.000666  0.436911  0.072212
60525.95894668  0.006077  0.000679  0.658787  0.073659
60525.95900480  0.005954  0.000663  0.645423  0.071869
60525.95906292  0.005084  0.000648  0.551149  0.070203
60525.95912104  0.007282  0.000659  0.789434  0.071419
60525.95917916  0.008436  0.000690  0.914491  0.074763
60525.95923728  0.007747  0.000707  0.839863  0.076674
60525.95929540  0.009526  0.000672  1.032637  0.072848
60525.95935352  0.009734  0.000678  1.055259  0.073529
60525.95941165  0.011502  0.000648  1.246918  0.070285
60525.95946977  0.011119  0.000635  1.205370  0.068824
60525.95952789  0.012528  0.000659  1.358154  0.071448
60525.95958601  0.012075  0.000674  1.308956  0.073046
60525.95964413  0.015087  0.000686  1.635558  0.074322
60525.95970225  0.013478  0.000663  1.461074  0.071867
60525.95976037  0.014041  0.000660  1.522172  0.071497
60525.95981849  0.014263  0.000715  1.546162  0.077466
60525.95987661  0.014507  0.000700  1.572666  0.075935
60525.95993473  0.015915  0.000686  1.725276  0.074365
60525.95999285  0.015449  0.000707  1.674813  0.076621
60525.96005097  0.016349  0.000697  1.772348  0.075550
60525.96010909  0.014616  0.000696  1.584443  0.075495
60525.96016721  0.014919  0.000701  1.617342  0.076021
60525.96022533  0.015348  0.000673  1.663840  0.072999
60525.96028345  0.014806  0.000701  1.605008  0.075960
60525.96034157  0.015429  0.000710  1.672550  0.076999
60525.96039969  0.014713  0.000675  1.594932  0.073135
60525.96045781  0.016135  0.000654  1.749119  0.070918
60525.96051593  0.015072  0.000703  1.633858  0.076193
60525.96057406  0.014464  0.000676  1.567974  0.073251
60525.96063218  0.014413  0.000666  1.562432  0.072151
60525.96069030  0.014869  0.000680  1.611842  0.073737
60525.96074842  0.012408  0.000702  1.345145  0.076065
60525.96080654  0.013134  0.000717  1.423858  0.077742
60525.96086466  0.013761  0.000713  1.491727  0.077343
60525.96092278  0.012719  0.000677  1.378818  0.073341
60525.96098090  0.014201  0.000707  1.539518  0.076685
60525.96103902  0.012519  0.000675  1.357161  0.073131
60525.96109714  0.014276  0.000660  1.547573  0.071494
60525.96115526  0.012225  0.000662  1.325270  0.071711
60525.96121338  0.011573  0.000669  1.254630  0.072502
60525.96127150  0.012286  0.000669  1.331922  0.072532
60525.96132962  0.012191  0.000664  1.321572  0.072009
60525.96138774  0.012571  0.000692  1.362736  0.074987
60525.96144586  0.013416  0.000686  1.454415  0.074373
60525.96150398  0.012707  0.000679  1.377536  0.073622
60525.96156210  0.012142  0.000715  1.316306  0.077562
60525.96162022  0.012077  0.000679  1.309273  0.073640
60525.96167834  0.011814  0.000656  1.280753  0.071104
60525.96173647  0.012518  0.000670  1.357079  0.072605
60525.96179459  0.011336  0.000661  1.228895  0.071658
60525.96185271  0.011863  0.000699  1.285987  0.075816
60525.96191083  0.012168  0.000686  1.319098  0.074338
60525.96196895  0.011877  0.000673  1.287549  0.072935
60525.96202707  0.012279  0.000689  1.331169  0.074723
60525.96208519  0.012058  0.000699  1.307173  0.075803
60525.96214331  0.011626  0.000705  1.260345  0.076444
60525.96220143  0.010947  0.000711  1.186735  0.077031
60525.96225955  0.009329  0.000685  1.011347  0.074247
60525.96231767  0.011587  0.000694  1.256059  0.075250
60525.96237579  0.010845  0.000704  1.175699  0.076330
60525.96243391  0.010570  0.000696  1.145894  0.075493
60525.96249203  0.010443  0.000697  1.132109  0.075560
60525.96255015  0.010969  0.000716  1.189124  0.077624
60525.96260827  0.009892  0.000712  1.072328  0.077187
60525.96266639  0.010840  0.000674  1.175071  0.073063
60525.96272451  0.011322  0.000688  1.227357  0.074625
60525.96278263  0.010684  0.000698  1.158242  0.075630
60525.96284075  0.011394  0.000680  1.235170  0.073738
60525.96289888  0.009793  0.000694  1.061604  0.075243
60525.96295700  0.009364  0.000662  1.015126  0.071727
60525.96301512  0.009782  0.000696  1.060416  0.075501
60525.96307324  0.008677  0.000683  0.940651  0.074045
60525.96313136  0.009159  0.000659  0.992924  0.071415
60525.96318948  0.009704  0.000655  1.051920  0.070974
60525.96324760  0.009834  0.000683  1.066055  0.074005
60525.96330572  0.008763  0.000645  0.949943  0.069940
60525.96336384  0.008606  0.000656  0.932975  0.071070
